0.00	2.63678
0.33	2.39259
0.67	2.29669
1.00	2.12974
1.33	1.96566
1.67	2.05052
2.00	1.90288
2.33	1.89189
2.67	1.78309
3.00	1.73898
3.33	1.76261
3.67	1.66929
4.00	1.65688
4.33	1.67108
4.67	1.59550
5.00	1.58103
5.33	1.46371
5.67	1.51971
6.00	1.48939
6.33	1.47105
6.67	1.41711
7.00	1.46437
7.33	1.37017
7.67	1.35751
8.00	1.31734
8.33	1.25416
8.67	1.25726
9.00	1.15934
9.33	1.23312
9.67	1.24830
10.00	1.26628
10.33	1.21568
10.67	1.12311
11.00	1.13353
11.33	1.13848
11.67	1.07249
12.00	1.09227
12.33	1.05108
12.67	1.05737
13.00	1.04120
13.33	1.03269
13.67	0.99961
14.00	0.94730
14.33	0.97288
14.67	0.89911
15.00	0.99891
15.33	0.90594
15.67	0.89873
16.00	0.86776
16.33	0.93069
16.67	0.86304
17.00	0.84634
17.33	0.84777
17.67	0.86707
18.00	0.87138
18.33	0.77878
18.67	0.84075
19.00	0.78039
19.33	0.77132
19.67	0.77284
20.00	0.77320
20.33	0.72049
20.67	0.71832
21.00	0.69598
21.33	0.70974
21.67	0.69803
22.00	0.63375
22.33	0.67983
22.67	0.68762
23.00	0.67790
23.33	0.60000
23.67	0.66749
24.00	0.64060
24.33	0.59414
24.67	0.60261
25.00	0.61128
25.33	0.61228
25.67	0.60106
26.00	0.55390
26.33	0.60044
26.67	0.55572
27.00	0.50988
27.33	0.52327
27.67	0.52906
28.00	0.55632
28.33	0.55846
28.67	0.47653
29.00	0.46994
29.33	0.49627
29.67	0.51378
30.00	0.44331
30.33	0.47693
30.67	0.47001
31.00	0.44788
31.33	0.45244
31.67	0.46157
32.00	0.42869
32.33	0.45653
32.67	0.44292
33.00	0.45359
33.33	0.40535
33.67	0.41036
34.00	0.43193
34.33	0.40397
34.67	0.38806
35.00	0.42397
35.33	0.37823
35.67	0.37494
36.00	0.37610
36.33	0.38293
36.67	0.36018
37.00	0.34303
37.33	0.36061
37.67	0.36101
38.00	0.30582
38.33	0.34328
38.67	0.34425
39.00	0.35613
39.33	0.31395
39.67	0.33474
40.00	0.32824
40.33	0.29354
40.67	0.30381
41.00	0.28688
41.33	0.31356
41.67	0.31707
42.00	0.25479
42.33	0.31498
42.67	0.29755
43.00	0.28135
43.33	0.29927
43.67	0.27256
44.00	0.26473
44.33	0.26508
44.67	0.27916
45.00	0.26097
45.33	0.26299
45.67	0.28329
46.00	0.26546
46.33	0.23261
46.67	0.24560
47.00	0.22598
47.33	0.24040
47.67	0.24454
48.00	0.23536
48.33	0.22808
48.67	0.24466
49.00	0.22013
49.33	0.22547
49.67	0.22070
50.00	0.22355
50.33	0.22050
50.67	0.21484
51.00	0.20907
51.33	0.21301
51.67	0.20020
52.00	0.21661
52.33	0.18432
52.67	0.18245
53.00	0.17895
53.33	0.20238
53.67	0.17093
54.00	0.19315
54.33	0.17477
54.67	0.19635
55.00	0.20686
55.33	0.17754
55.67	0.16719
56.00	0.18677
56.33	0.15664
56.67	0.15229
57.00	0.15840
57.33	0.16932
57.67	0.15571
58.00	0.17176
58.33	0.14976
58.67	0.15145
59.00	0.16232
59.33	0.15488
59.67	0.15718
60.00	0.14711
60.33	0.13660
60.67	0.14524
61.00	0.14316
61.33	0.15781
61.67	0.14149
62.00	0.14146
62.33	0.12947
62.67	0.15709
63.00	0.15499
63.33	0.14640
63.67	0.13474
64.00	0.13844
64.33	0.13965
64.67	0.15187
65.00	0.12761
65.33	0.11915
65.67	0.13493
66.00	0.11643
66.33	0.12947
66.67	0.12833
67.00	0.11862
67.33	0.12009
67.67	0.11650
68.00	0.12176
68.33	0.12195
68.67	0.11489
69.00	0.12626
69.33	0.10005
69.67	0.11948
70.00	0.10799
70.33	0.11755
70.67	0.10519
71.00	0.10708
71.33	0.10485
71.67	0.11785
72.00	0.09985
72.33	0.11572
72.67	0.10880
73.00	0.10936
73.33	0.11197
73.67	0.10399
74.00	0.09626
74.33	0.10271
74.67	0.10588
75.00	0.07997
75.33	0.10119
75.67	0.08946
76.00	0.08205
76.33	0.08790
76.67	0.09617
77.00	0.10243
77.33	0.08787
77.67	0.09623
78.00	0.08961
78.33	0.08364
78.67	0.08281
79.00	0.09869
79.33	0.08516
79.67	0.09206
80.00	0.07951
80.33	0.07713
80.67	0.08428
81.00	0.07461
81.33	0.09113
81.67	0.07001
82.00	0.07658
82.33	0.08349
82.67	0.08454
83.00	0.07249
83.33	0.07994
83.67	0.08032
84.00	0.08248
84.33	0.07752
84.67	0.06328
85.00	0.07156
85.33	0.08204
85.67	0.06714
86.00	0.06207
86.33	0.08377
86.67	0.07168
87.00	0.07024
87.33	0.07161
87.67	0.07104
88.00	0.07705
88.33	0.06819
88.67	0.06767
89.00	0.05462
89.33	0.06214
89.67	0.07047
90.00	0.06645
90.33	0.05732
90.67	0.05702
91.00	0.06294
91.33	0.05361
91.67	0.06661
92.00	0.05952
92.33	0.06382
92.67	0.06748
93.00	0.05989
93.33	0.06572
93.67	0.05314
94.00	0.05500
94.33	0.05505
94.67	0.06221
95.00	0.05263
95.33	0.05571
95.67	0.05550
96.00	0.05229
96.33	0.05144
96.67	0.05446
97.00	0.04837
97.33	0.05475
97.67	0.05557
98.00	0.04946
98.33	0.05190
98.67	0.04320
99.00	0.04830
99.33	0.05374
99.67	0.05349
100.00	0.05626
100.33	0.05531
100.67	0.04079
101.00	0.05004
101.33	0.04539
101.67	0.04404
102.00	0.05119
102.33	0.05221
102.67	0.05033
103.00	0.05283
103.33	0.04142
103.67	0.04500
104.00	0.04261
104.33	0.04704
104.67	0.04719
105.00	0.04400
105.33	0.04678
105.67	0.05242
106.00	0.04312
106.33	0.04204
106.67	0.04618
107.00	0.03691
107.33	0.04155
107.67	0.04686
108.00	0.04147
108.33	0.04417
108.67	0.04200
109.00	0.04227
109.33	0.04170
109.67	0.04441
110.00	0.03864
110.33	0.04135
110.67	0.04298
111.00	0.03947
111.33	0.04043
111.67	0.04029
112.00	0.03181
112.33	0.04117
112.67	0.04393
113.00	0.03750
113.33	0.03300
113.67	0.03519
114.00	0.03825
114.33	0.04386
114.67	0.03562
115.00	0.03848
115.33	0.03748
115.67	0.03363
116.00	0.03636
116.33	0.03853
116.67	0.03709
117.00	0.03666
117.33	0.03145
117.67	0.04675
118.00	0.03457
118.33	0.02675
118.67	0.03368
119.00	0.03405
119.33	0.03057
119.67	0.03440
120.00	0.03373
120.33	0.03156
120.67	0.03654
121.00	0.03055
121.33	0.03453
121.67	0.03378
122.00	0.02879
122.33	0.03396
122.67	0.03324
123.00	0.03095
123.33	0.02869
123.67	0.03195
124.00	0.03155
124.33	0.03207
124.67	0.03216
125.00	0.03213
125.33	0.03179
125.67	0.03325
126.00	0.03322
126.33	0.02781
126.67	0.03336
127.00	0.03401
127.33	0.02826
127.67	0.02802
128.00	0.03022
128.33	0.02782
128.67	0.02700
129.00	0.02842
129.33	0.02537
129.67	0.03358
130.00	0.02487
130.33	0.02910
130.67	0.02559
131.00	0.02697
131.33	0.02400
131.67	0.02576
132.00	0.02409
132.33	0.03056
132.67	0.03033
133.00	0.03023
133.33	0.02838
133.67	0.02235
134.00	0.02698
134.33	0.02685
134.67	0.02492
135.00	0.02242
135.33	0.02712
135.67	0.02594
136.00	0.02630
136.33	0.02964
136.67	0.02184
137.00	0.02260
137.33	0.02233
137.67	0.02258
138.00	0.02815
138.33	0.02231
138.67	0.02795
139.00	0.02461
139.33	0.02471
139.67	0.02587
140.00	0.02659
140.33	0.02349
140.67	0.02557
141.00	0.02793
141.33	0.02346
141.67	0.02406
142.00	0.02271
142.33	0.02242
142.67	0.02324
143.00	0.02205
143.33	0.02205
143.67	0.02120
144.00	0.02206
144.33	0.02485
144.67	0.01860
145.00	0.02157
145.33	0.02407
145.67	0.02563
146.00	0.01977
146.33	0.02117
146.67	0.01922
147.00	0.02532
147.33	0.02313
147.67	0.02631
148.00	0.01723
148.33	0.02101
148.67	0.02099
149.00	0.02273
149.33	0.02200
149.67	0.02180
150.00	0.01796
150.33	0.02219
150.67	0.02292
151.00	0.02474
151.33	0.01989
151.67	0.02352
152.00	0.01826
152.33	0.02075
152.67	0.02217
153.00	0.02474
153.33	0.01786
153.67	0.01909
154.00	0.01815
154.33	0.02275
154.67	0.02255
155.00	0.02111
155.33	0.02120
155.67	0.02509
156.00	0.02145
156.33	0.01959
156.67	0.02089
157.00	0.02149
157.33	0.01621
157.67	0.02324
158.00	0.02250
158.33	0.01731
158.67	0.02007
159.00	0.01973
159.33	0.01547
159.67	0.02256
160.00	0.01991
160.33	0.02078
160.67	0.01689
161.00	0.02128
161.33	0.01805
161.67	0.01644
162.00	0.01847
162.33	0.02098
162.67	0.01919
163.00	0.01849
163.33	0.01687
163.67	0.01710
164.00	0.01571
164.33	0.01681
164.67	0.01794
165.00	0.01598
165.33	0.01703
165.67	0.01950
166.00	0.01782
166.33	0.01795
166.67	0.01772
167.00	0.01452
167.33	0.01514
167.67	0.01567
168.00	0.01948
168.33	0.01550
168.67	0.01599
169.00	0.01489
169.33	0.01757
169.67	0.01446
170.00	0.01417
170.33	0.01406
170.67	0.01461
171.00	0.01525
171.33	0.01613
171.67	0.01412
172.00	0.01483
172.33	0.01399
172.67	0.01447
173.00	0.01427
173.33	0.01439
173.67	0.01538
174.00	0.01571
174.33	0.01623
174.67	0.01629
175.00	0.01490
175.33	0.01309
175.67	0.01404
176.00	0.01241
176.33	0.01562
176.67	0.01502
177.00	0.01679
177.33	0.01349
177.67	0.01368
178.00	0.01374
178.33	0.01463
178.67	0.01558
179.00	0.01594
179.33	0.01491
179.67	0.01432
180.00	0.01205
180.33	0.01237
180.67	0.01513
181.00	0.01416
181.33	0.01636
181.67	0.01438
182.00	0.01478
182.33	0.01206
182.67	0.01515
183.00	0.01577
183.33	0.01452
183.67	0.01343
184.00	0.01071
184.33	0.01605
184.67	0.01337
185.00	0.01081
185.33	0.01527
185.67	0.01457
186.00	0.01485
186.33	0.01468
186.67	0.01332
187.00	0.01132
187.33	0.01250
187.67	0.01539
188.00	0.01437
188.33	0.01241
188.67	0.01436
189.00	0.01426
189.33	0.01542
189.67	0.04729
190.00	0.01418
190.33	0.01020
190.67	0.01264
191.00	0.01716
191.33	0.01536
191.67	0.02581
192.00	0.01563
192.33	0.01400
192.67	0.01493
193.00	0.01634
193.33	0.01792
193.67	0.01569
194.00	0.01483
194.33	0.01461
194.67	0.02268
195.00	0.01889
195.33	0.01236
195.67	0.01681
196.00	0.01399
196.33	0.01689
196.67	0.01695
197.00	0.01384
197.33	0.01190
197.67	0.01377
198.00	0.01267
198.33	0.01524
198.67	0.01298
199.00	0.01386
199.33	0.01174
199.67	0.01289
