0.00	2.61758
0.33	2.40847
0.67	2.23167
1.00	2.10802
1.33	1.97630
1.67	2.00234
2.00	1.88090
2.33	1.82502
2.67	1.73831
3.00	1.69382
3.33	1.68977
3.67	1.59831
4.00	1.59302
4.33	1.60600
4.67	1.51970
5.00	1.50266
5.33	1.40505
5.67	1.49871
6.00	1.40846
6.33	1.38632
6.67	1.33577
7.00	1.38224
7.33	1.38329
7.67	1.29529
8.00	1.29520
8.33	1.23250
8.67	1.23271
9.00	1.20978
9.33	1.20994
9.67	1.15269
10.00	1.17883
10.33	1.17952
10.67	1.08236
11.00	1.13962
11.33	1.05824
11.67	1.05832
12.00	1.10043
12.33	1.03997
12.67	1.02303
13.00	0.99806
13.33	0.99404
13.67	0.97919
14.00	0.91439
14.33	0.95146
14.67	0.93031
15.00	0.92318
15.33	0.86576
15.67	0.87870
16.00	0.78265
16.33	0.89089
16.67	0.85210
17.00	0.84063
17.33	0.79969
17.67	0.77482
18.00	0.80797
18.33	0.78976
18.67	0.77321
19.00	0.72116
19.33	0.73875
19.67	0.72350
20.00	0.76420
20.33	0.69969
20.67	0.70857
21.00	0.72885
21.33	0.69191
21.67	0.71601
22.00	0.66316
22.33	0.67087
22.67	0.61723
23.00	0.63247
23.33	0.61472
23.67	0.63235
24.00	0.63299
24.33	0.58449
24.67	0.60424
25.00	0.59759
25.33	0.55980
25.67	0.57516
26.00	0.53718
26.33	0.57108
26.67	0.53518
27.00	0.47790
27.33	0.52966
27.67	0.51772
28.00	0.51549
28.33	0.54603
28.67	0.46126
29.00	0.47977
29.33	0.48255
29.67	0.48955
30.00	0.46938
30.33	0.44428
30.67	0.43388
31.00	0.43605
31.33	0.43612
31.67	0.43098
32.00	0.42332
32.33	0.42883
32.67	0.42465
33.00	0.39825
33.33	0.40478
33.67	0.39015
34.00	0.41360
34.33	0.38162
34.67	0.36688
35.00	0.37789
35.33	0.38075
35.67	0.37950
36.00	0.38366
36.33	0.35296
36.67	0.37307
37.00	0.35079
37.33	0.35084
37.67	0.34731
38.00	0.31800
38.33	0.33880
38.67	0.32242
39.00	0.33392
39.33	0.30758
39.67	0.30028
40.00	0.33193
40.33	0.31190
40.67	0.28673
41.00	0.27470
41.33	0.30488
41.67	0.32375
42.00	0.26525
42.33	0.28768
42.67	0.26587
43.00	0.28807
43.33	0.27678
43.67	0.28090
44.00	0.26966
44.33	0.24739
44.67	0.26003
45.00	0.27325
45.33	0.25197
45.67	0.26188
46.00	0.24808
46.33	0.22919
46.67	0.23719
47.00	0.24195
47.33	0.23210
47.67	0.22662
48.00	0.23040
48.33	0.23513
48.67	0.22099
49.00	0.21145
49.33	0.22185
49.67	0.19574
50.00	0.23381
50.33	0.21159
50.67	0.19168
51.00	0.20723
51.33	0.19928
51.67	0.20586
52.00	0.20787
52.33	0.17410
52.67	0.20449
53.00	0.17029
53.33	0.18772
53.67	0.19301
54.00	0.18973
54.33	0.17414
54.67	0.17428
55.00	0.16868
55.33	0.17646
55.67	0.18310
56.00	0.18575
56.33	0.14635
56.67	0.16529
57.00	0.15826
57.33	0.15996
57.67	0.15791
58.00	0.14605
58.33	0.15530
58.67	0.16806
59.00	0.15733
59.33	0.14903
59.67	0.15338
60.00	0.13703
60.33	0.16309
60.67	0.13252
61.00	0.13586
61.33	0.15283
61.67	0.14246
62.00	0.15240
62.33	0.12285
62.67	0.13240
63.00	0.13819
63.33	0.14853
63.67	0.12963
64.00	0.12924
64.33	0.12926
64.67	0.14257
65.00	0.11516
65.33	0.13136
65.67	0.11012
66.00	0.11767
66.33	0.12191
66.67	0.12388
67.00	0.11462
67.33	0.11227
67.67	0.11257
68.00	0.11397
68.33	0.11139
68.67	0.10196
69.00	0.10993
69.33	0.09759
69.67	0.09657
70.00	0.10802
70.33	0.10631
70.67	0.11170
71.00	0.09704
71.33	0.10613
71.67	0.10164
72.00	0.09955
72.33	0.10049
72.67	0.10063
73.00	0.10115
73.33	0.10064
73.67	0.09679
74.00	0.08365
74.33	0.09334
74.67	0.09106
75.00	0.08042
75.33	0.09849
75.67	0.08734
76.00	0.08431
76.33	0.07839
76.67	0.09260
77.00	0.08840
77.33	0.08333
77.67	0.08303
78.00	0.08523
78.33	0.09347
78.67	0.08520
79.00	0.07665
79.33	0.07818
79.67	0.07460
80.00	0.07550
80.33	0.07075
80.67	0.07340
81.00	0.07578
81.33	0.08810
81.67	0.07619
82.00	0.07810
82.33	0.06849
82.67	0.07924
83.00	0.07665
83.33	0.07524
83.67	0.07152
84.00	0.07904
84.33	0.07562
84.67	0.06518
85.00	0.06127
85.33	0.07506
85.67	0.06682
86.00	0.06482
86.33	0.07561
86.67	0.06889
87.00	0.06308
87.33	0.06893
87.67	0.06559
88.00	0.05407
88.33	0.06689
88.67	0.06788
89.00	0.06449
89.33	0.06658
89.67	0.07293
90.00	0.06207
90.33	0.05779
90.67	0.05359
91.00	0.05291
91.33	0.05768
91.67	0.05960
92.00	0.04952
92.33	0.05362
92.67	0.05959
93.00	0.05903
93.33	0.05891
93.67	0.05419
94.00	0.05431
94.33	0.06102
94.67	0.05506
95.00	0.05523
95.33	0.05113
95.67	0.05386
96.00	0.05596
96.33	0.05337
96.67	0.05099
97.00	0.05472
97.33	0.04786
97.67	0.04987
98.00	0.04741
98.33	0.04914
98.67	0.05343
99.00	0.05102
99.33	0.04148
99.67	0.04657
100.00	0.05324
100.33	0.05385
100.67	0.04585
101.00	0.04275
101.33	0.04509
101.67	0.04629
102.00	0.04684
102.33	0.05066
102.67	0.05232
103.00	0.04581
103.33	0.04510
103.67	0.04000
104.00	0.04115
104.33	0.04039
104.67	0.03919
105.00	0.04063
105.33	0.04290
105.67	0.04708
106.00	0.04279
106.33	0.03873
106.67	0.04297
107.00	0.04002
107.33	0.04649
107.67	0.04068
108.00	0.04262
108.33	0.04048
108.67	0.04399
109.00	0.03553
109.33	0.03978
109.67	0.04453
110.00	0.03923
110.33	0.03792
110.67	0.04694
111.00	0.03847
111.33	0.03565
111.67	0.03960
112.00	0.04164
112.33	0.03437
112.67	0.03556
113.00	0.03639
113.33	0.03650
113.67	0.04014
114.00	0.03304
114.33	0.03401
114.67	0.03458
115.00	0.03366
115.33	0.03988
115.67	0.03377
116.00	0.03790
116.33	0.03262
116.67	0.03713
117.00	0.03244
117.33	0.03214
117.67	0.03814
118.00	0.03290
118.33	0.03251
118.67	0.02802
119.00	0.02989
119.33	0.03139
119.67	0.03513
120.00	0.03284
120.33	0.03040
120.67	0.03181
121.00	0.03211
121.33	0.02937
121.67	0.02899
122.00	0.02661
122.33	0.02587
122.67	0.03224
123.00	0.03093
123.33	0.02804
123.67	0.02711
124.00	0.02951
124.33	0.03172
124.67	0.02812
125.00	0.03147
125.33	0.02741
125.67	0.02836
126.00	0.02986
126.33	0.02668
126.67	0.02733
127.00	0.02487
127.33	0.02653
127.67	0.03526
128.00	0.02661
128.33	0.03012
128.67	0.02805
129.00	0.02436
129.33	0.02573
129.67	0.03125
130.00	0.02889
130.33	0.02947
130.67	0.02433
131.00	0.02904
131.33	0.02017
131.67	0.02222
132.00	0.02530
132.33	0.02784
132.67	0.02656
133.00	0.02666
133.33	0.02475
133.67	0.03585
134.00	0.02608
134.33	0.02758
134.67	0.02636
135.00	0.02391
135.33	0.02329
135.67	0.02912
136.00	0.02461
136.33	0.02831
136.67	0.02082
137.00	0.02030
137.33	0.02386
137.67	0.02493
138.00	0.02418
138.33	0.02162
138.67	0.02340
139.00	0.02268
139.33	0.02288
139.67	0.02259
140.00	0.02397
140.33	0.02267
140.67	0.02492
141.00	0.02118
141.33	0.01983
141.67	0.02378
142.00	0.01741
142.33	0.01951
142.67	0.01825
143.00	0.02480
143.33	0.02299
143.67	0.02077
144.00	0.02409
144.33	0.02260
144.67	0.01818
145.00	0.01586
145.33	0.02356
145.67	0.02115
146.00	0.01813
146.33	0.01872
146.67	0.02078
147.00	0.02388
147.33	0.02060
147.67	0.01884
148.00	0.01955
148.33	0.01862
148.67	0.01897
149.00	0.01893
149.33	0.02054
149.67	0.02116
150.00	0.02034
150.33	0.01859
150.67	0.01858
151.00	0.01633
151.33	0.01662
151.67	0.01773
152.00	0.01788
152.33	0.01763
152.67	0.01800
153.00	0.01472
153.33	0.01552
153.67	0.01628
154.00	0.01680
154.33	0.01865
154.67	0.01864
155.00	0.01896
155.33	0.01864
155.67	0.01982
156.00	0.02204
156.33	0.02465
156.67	0.01935
157.00	0.01882
157.33	0.01580
157.67	0.01698
158.00	0.01816
158.33	0.01556
158.67	0.01926
159.00	0.01629
159.33	0.01720
159.67	0.01698
160.00	0.01783
160.33	0.01558
160.67	0.01566
161.00	0.01525
161.33	0.01613
161.67	0.01703
162.00	0.01663
162.33	0.01836
162.67	0.01642
163.00	0.01774
163.33	0.01421
163.67	0.01362
164.00	0.01688
164.33	0.01539
164.67	0.01664
165.00	0.01593
165.33	0.01437
165.67	0.02031
166.00	0.01616
166.33	0.01613
166.67	0.01795
167.00	0.01252
167.33	0.01195
167.67	0.01785
168.00	0.01671
168.33	0.01502
168.67	0.01632
169.00	0.01385
169.33	0.01646
169.67	0.01480
170.00	0.01510
170.33	0.01518
170.67	0.01340
171.00	0.01276
171.33	0.01666
171.67	0.01465
172.00	0.01310
172.33	0.01372
172.67	0.01476
173.00	0.01485
173.33	0.01248
173.67	0.01615
174.00	0.01230
174.33	0.01563
174.67	0.01579
175.00	0.01243
175.33	0.01394
175.67	0.01447
176.00	0.01280
176.33	0.01294
176.67	0.01368
177.00	0.01588
177.33	0.01563
177.67	0.01352
178.00	0.01271
178.33	0.01499
178.67	0.01433
179.00	0.01262
179.33	0.01558
179.67	0.01245
180.00	0.01186
180.33	0.01566
180.67	0.01458
181.00	0.01406
181.33	0.01394
181.67	0.01430
182.00	0.01390
182.33	0.01259
182.67	0.01323
183.00	0.01285
183.33	0.01313
183.67	0.01254
184.00	0.01109
184.33	0.01533
184.67	0.01174
185.00	0.01161
185.33	0.01301
185.67	0.01174
186.00	0.01331
186.33	0.01241
186.67	0.01205
187.00	0.01088
187.33	0.01198
187.67	0.01201
188.00	0.00982
188.33	0.01138
188.67	0.01163
189.00	0.01084
189.33	0.01298
189.67	0.01098
190.00	0.00946
190.33	0.01175
190.67	0.01113
191.00	0.01067
191.33	0.01163
191.67	0.01151
192.00	0.01021
192.33	0.01043
192.67	0.01133
193.00	0.01358
193.33	0.01076
193.67	0.00903
194.00	0.01334
194.33	0.01172
194.67	0.01104
195.00	0.01176
195.33	0.00960
195.67	0.01046
196.00	0.01364
196.33	0.01059
196.67	0.01243
197.00	0.01080
197.33	0.01145
197.67	0.00839
198.00	0.00935
198.33	0.01302
198.67	0.01076
199.00	0.00948
199.33	0.01062
199.67	0.01126
