0.00	68.19354
0.33	60.25806
0.67	43.50649
1.00	38.58064
1.33	36.96774
1.67	30.32468
2.00	28.70968
2.33	28.51613
2.67	25.51948
3.00	25.09678
3.33	23.48387
3.67	19.22078
4.00	18.32258
4.33	19.22581
4.67	19.48052
5.00	19.41935
5.33	14.83871
5.67	16.42857
6.00	15.87097
6.33	15.22581
6.67	12.85714
7.00	15.93548
7.33	13.29032
7.67	12.07792
8.00	11.74193
8.33	11.74193
8.67	12.01299
9.00	12.83871
9.33	10.70968
9.67	11.10390
10.00	10.83871
10.33	9.80645
10.67	7.92208
11.00	10.45161
11.33	7.87097
11.67	8.89610
12.00	10.19355
12.33	8.77419
12.67	7.46753
13.00	8.32258
13.33	6.70968
13.67	7.59740
14.00	6.83871
14.33	7.03226
14.67	6.81818
15.00	6.19355
15.33	6.90323
15.67	6.29870
16.00	5.16129
16.33	6.64516
16.67	5.38961
17.00	4.90323
17.33	5.74194
17.67	5.32468
18.00	6.06452
18.33	4.83871
18.67	5.64935
19.00	3.87097
19.33	4.32258
19.67	4.80519
20.00	5.16129
20.33	4.83871
20.67	4.02597
21.00	4.25806
21.33	4.00000
21.67	4.61039
22.00	4.00000
22.33	4.12903
22.67	2.98701
23.00	4.06452
23.33	3.03226
23.67	3.70130
24.00	3.35484
24.33	2.70968
24.67	3.63636
25.00	3.80645
25.33	2.64516
25.67	2.85714
26.00	2.90323
26.33	3.29032
26.67	3.18182
27.00	2.00000
27.33	2.32258
27.67	2.92208
28.00	2.06452
28.33	3.48387
28.67	1.81818
29.00	2.19355
29.33	2.06452
29.67	2.27273
30.00	1.74194
30.33	2.00000
30.67	1.88312
31.00	1.80645
31.33	2.25806
31.67	1.88312
32.00	1.35484
32.33	2.38710
32.67	1.68831
33.00	1.48387
33.33	0.96774
33.67	1.29870
34.00	1.67742
34.33	1.61290
34.67	1.29870
35.00	1.09677
35.33	1.41935
35.67	1.23377
36.00	1.41935
36.33	1.22581
36.67	1.94805
37.00	1.09677
37.33	1.16129
37.67	1.62338
38.00	0.45161
38.33	1.22581
38.67	1.16883
39.00	1.03226
39.33	0.90323
39.67	1.10390
40.00	1.16129
40.33	1.29032
40.67	0.97403
41.00	0.58065
41.33	0.90323
41.67	1.16883
42.00	1.03226
42.33	0.83871
42.67	0.71429
43.00	1.29032
43.33	0.58065
43.67	0.58442
44.00	0.90323
44.33	0.45161
44.67	0.45455
45.00	0.70968
45.33	0.90323
45.67	0.58442
46.00	0.96774
46.33	0.58065
46.67	0.51948
47.00	0.64516
47.33	0.64516
47.67	0.38961
48.00	0.77419
48.33	0.64516
48.67	0.45455
49.00	0.58065
49.33	0.83871
49.67	0.12987
50.00	0.96774
50.33	0.25806
50.67	0.19481
51.00	0.25806
51.33	0.25806
51.67	0.58442
52.00	0.12903
52.33	0.19355
52.67	0.38961
53.00	0.12903
53.33	0.77419
53.67	0.32468
54.00	0.70968
54.33	0.32258
54.67	0.32468
55.00	0.83871
55.33	0.38710
55.67	0.32468
56.00	0.58065
56.33	0.12903
56.67	0.58442
57.00	0.32258
57.33	0.19355
57.67	0.12987
58.00	0.32258
58.33	0.32258
58.67	0.45455
59.00	0.19355
59.33	0.19355
59.67	0.12987
60.00	0.25806
60.33	0.32258
60.67	0.25974
61.00	0.06452
61.33	0.25806
61.67	0.32468
62.00	0.25806
62.33	0.12903
62.67	0.25974
63.00	0.25806
63.33	0.32258
63.67	0.00000
64.00	0.12903
64.33	0.45161
64.67	0.12987
65.00	0.12903
65.33	0.19355
65.67	0.06494
66.00	0.06452
66.33	0.12903
66.67	0.06494
67.00	0.25806
67.33	0.25806
67.67	0.06494
68.00	0.32258
68.33	0.12903
68.67	0.00000
69.00	0.06452
69.33	0.00000
69.67	0.06494
70.00	0.00000
70.33	0.12903
70.67	0.12987
71.00	0.00000
71.33	0.06452
71.67	0.00000
72.00	0.06452
72.33	0.00000
72.67	0.06494
73.00	0.25806
73.33	0.19355
73.67	0.00000
74.00	0.00000
74.33	0.12903
74.67	0.06494
75.00	0.06452
75.33	0.19355
75.67	0.06494
76.00	0.06452
76.33	0.06452
76.67	0.06494
77.00	0.00000
77.33	0.00000
77.67	0.00000
78.00	0.00000
78.33	0.12903
78.67	0.00000
79.00	0.00000
79.33	0.12903
79.67	0.00000
80.00	0.06452
80.33	0.00000
80.67	0.00000
81.00	0.00000
81.33	0.12903
81.67	0.06494
82.00	0.00000
82.33	0.00000
82.67	0.00000
83.00	0.00000
83.33	0.00000
83.67	0.19481
84.00	0.00000
84.33	0.00000
84.67	0.00000
85.00	0.00000
85.33	0.19355
85.67	0.00000
86.00	0.00000
86.33	0.00000
86.67	0.12987
87.00	0.00000
87.33	0.00000
87.67	0.00000
88.00	0.00000
88.33	0.00000
88.67	0.00000
89.00	0.00000
89.33	0.12903
89.67	0.12987
90.00	0.06452
90.33	0.06452
90.67	0.00000
91.00	0.00000
91.33	0.00000
91.67	0.06494
92.00	0.00000
92.33	0.00000
92.67	0.25974
93.00	0.06452
93.33	0.00000
93.67	0.06494
94.00	0.06452
94.33	0.06452
94.67	0.00000
95.00	0.06452
95.33	0.06452
95.67	0.00000
96.00	0.00000
96.33	0.00000
96.67	0.00000
97.00	0.00000
97.33	0.00000
97.67	0.00000
98.00	0.00000
98.33	0.00000
98.67	0.00000
99.00	0.00000
99.33	0.00000
99.67	0.00000
100.00	0.00000
100.33	0.00000
100.67	0.00000
101.00	0.00000
101.33	0.00000
101.67	0.00000
102.00	0.00000
102.33	0.00000
102.67	0.00000
103.00	0.00000
103.33	0.00000
103.67	0.00000
104.00	0.00000
104.33	0.00000
104.67	0.00000
105.00	0.00000
105.33	0.00000
105.67	0.00000
106.00	0.00000
106.33	0.00000
106.67	0.00000
107.00	0.06452
107.33	0.06452
107.67	0.00000
108.00	0.00000
108.33	0.00000
108.67	0.00000
109.00	0.00000
109.33	0.00000
109.67	0.00000
110.00	0.00000
110.33	0.00000
110.67	0.00000
111.00	0.00000
111.33	0.00000
111.67	0.00000
112.00	0.00000
112.33	0.00000
112.67	0.00000
113.00	0.06452
113.33	0.06452
113.67	0.00000
114.00	0.00000
114.33	0.00000
114.67	0.00000
115.00	0.00000
115.33	0.06452
115.67	0.00000
116.00	0.00000
116.33	0.06452
116.67	0.00000
117.00	0.00000
117.33	0.00000
117.67	0.00000
118.00	0.00000
118.33	0.00000
118.67	0.00000
119.00	0.00000
119.33	0.00000
119.67	0.00000
120.00	0.00000
120.33	0.00000
120.67	0.00000
121.00	0.00000
121.33	0.00000
121.67	0.00000
122.00	0.00000
122.33	0.00000
122.67	0.12987
123.00	0.00000
123.33	0.00000
123.67	0.00000
124.00	0.00000
124.33	0.00000
124.67	0.00000
125.00	0.00000
125.33	0.00000
125.67	0.00000
126.00	0.00000
126.33	0.00000
126.67	0.00000
127.00	0.00000
127.33	0.00000
127.67	0.06494
128.00	0.00000
128.33	0.00000
128.67	0.00000
129.00	0.00000
129.33	0.00000
129.67	0.00000
130.00	0.00000
130.33	0.00000
130.67	0.00000
131.00	0.00000
131.33	0.00000
131.67	0.00000
132.00	0.00000
132.33	0.00000
132.67	0.00000
133.00	0.00000
133.33	0.00000
133.67	0.19481
134.00	0.00000
134.33	0.00000
134.67	0.00000
135.00	0.00000
135.33	0.00000
135.67	0.00000
136.00	0.00000
136.33	0.00000
136.67	0.00000
137.00	0.00000
137.33	0.00000
137.67	0.00000
138.00	0.00000
138.33	0.00000
138.67	0.00000
139.00	0.00000
139.33	0.00000
139.67	0.00000
140.00	0.00000
140.33	0.00000
140.67	0.00000
141.00	0.00000
141.33	0.00000
141.67	0.00000
142.00	0.00000
142.33	0.00000
142.67	0.00000
143.00	0.00000
143.33	0.00000
143.67	0.00000
144.00	0.00000
144.33	0.00000
144.67	0.00000
145.00	0.00000
145.33	0.00000
145.67	0.00000
146.00	0.00000
146.33	0.00000
146.67	0.00000
147.00	0.00000
147.33	0.00000
147.67	0.00000
148.00	0.00000
148.33	0.00000
148.67	0.00000
149.00	0.00000
149.33	0.00000
149.67	0.00000
150.00	0.00000
150.33	0.00000
150.67	0.00000
151.00	0.00000
151.33	0.00000
151.67	0.00000
152.00	0.00000
152.33	0.00000
152.67	0.00000
153.00	0.00000
153.33	0.00000
153.67	0.00000
154.00	0.00000
154.33	0.00000
154.67	0.00000
155.00	0.00000
155.33	0.00000
155.67	0.00000
156.00	0.00000
156.33	0.00000
156.67	0.00000
157.00	0.00000
157.33	0.00000
157.67	0.00000
158.00	0.00000
158.33	0.00000
158.67	0.00000
159.00	0.00000
159.33	0.00000
159.67	0.00000
160.00	0.00000
160.33	0.00000
160.67	0.00000
161.00	0.00000
161.33	0.00000
161.67	0.00000
162.00	0.00000
162.33	0.00000
162.67	0.00000
163.00	0.00000
163.33	0.00000
163.67	0.00000
164.00	0.00000
164.33	0.00000
164.67	0.00000
165.00	0.00000
165.33	0.00000
165.67	0.00000
166.00	0.00000
166.33	0.00000
166.67	0.00000
167.00	0.00000
167.33	0.00000
167.67	0.00000
168.00	0.00000
168.33	0.00000
168.67	0.00000
169.00	0.00000
169.33	0.00000
169.67	0.00000
170.00	0.00000
170.33	0.00000
170.67	0.00000
171.00	0.00000
171.33	0.00000
171.67	0.00000
172.00	0.00000
172.33	0.00000
172.67	0.00000
173.00	0.00000
173.33	0.00000
173.67	0.00000
174.00	0.00000
174.33	0.00000
174.67	0.00000
175.00	0.00000
175.33	0.00000
175.67	0.00000
176.00	0.00000
176.33	0.00000
176.67	0.00000
177.00	0.00000
177.33	0.00000
177.67	0.00000
178.00	0.00000
178.33	0.00000
178.67	0.00000
179.00	0.00000
179.33	0.00000
179.67	0.00000
180.00	0.00000
180.33	0.00000
180.67	0.00000
181.00	0.00000
181.33	0.00000
181.67	0.00000
182.00	0.00000
182.33	0.00000
182.67	0.00000
183.00	0.00000
183.33	0.00000
183.67	0.00000
184.00	0.00000
184.33	0.00000
184.67	0.00000
185.00	0.00000
185.33	0.00000
185.67	0.00000
186.00	0.00000
186.33	0.00000
186.67	0.00000
187.00	0.00000
187.33	0.00000
187.67	0.00000
188.00	0.00000
188.33	0.00000
188.67	0.00000
189.00	0.00000
189.33	0.00000
189.67	0.00000
190.00	0.00000
190.33	0.00000
190.67	0.00000
191.00	0.00000
191.33	0.00000
191.67	0.00000
192.00	0.00000
192.33	0.00000
192.67	0.00000
193.00	0.00000
193.33	0.00000
193.67	0.00000
194.00	0.00000
194.33	0.00000
194.67	0.00000
195.00	0.00000
195.33	0.00000
195.67	0.00000
196.00	0.06452
196.33	0.00000
196.67	0.00000
197.00	0.00000
197.33	0.00000
197.67	0.00000
198.00	0.00000
198.33	0.00000
198.67	0.00000
199.00	0.00000
199.33	0.00000
199.67	0.00000
