0.00	0.10645
0.17	0.12903
0.33	0.16774
0.50	0.21935
0.67	0.21290
0.83	0.21242
1.00	0.24839
1.17	0.26452
1.33	0.31935
1.50	0.32258
1.67	0.35806
1.83	0.36275
2.00	0.37097
2.17	0.35484
2.33	0.38065
2.50	0.35161
2.67	0.36129
2.83	0.39542
3.00	0.42258
3.17	0.39032
3.33	0.42581
3.50	0.39355
3.67	0.43871
3.83	0.43137
4.00	0.49355
4.17	0.46129
4.33	0.49032
4.50	0.45806
4.67	0.45161
4.83	0.50980
5.00	0.46452
5.17	0.46129
5.33	0.44839
5.50	0.49677
5.67	0.50000
5.83	0.51961
6.00	0.51290
6.17	0.51935
6.33	0.55161
6.50	0.54839
6.67	0.52903
6.83	0.59477
7.00	0.55161
7.17	0.60000
7.33	0.54194
7.50	0.56452
7.67	0.57097
7.83	0.58170
8.00	0.59032
8.17	0.59355
8.33	0.60645
8.50	0.58387
8.67	0.66452
8.83	0.60131
9.00	0.60323
9.17	0.62258
9.33	0.65484
9.50	0.54839
9.67	0.66452
9.83	0.61438
10.00	0.68065
10.17	0.65806
10.33	0.67742
10.50	0.66129
10.67	0.63871
10.83	0.63072
11.00	0.64839
11.17	0.71935
11.33	0.71935
11.50	0.67419
11.67	0.71613
11.83	0.67647
12.00	0.67742
12.17	0.71290
12.33	0.68710
12.50	0.70000
12.67	0.69355
12.83	0.69281
13.00	0.70645
13.17	0.74839
13.33	0.72903
13.50	0.72903
13.67	0.73226
13.83	0.73856
14.00	0.73226
14.17	0.74516
14.33	0.75806
14.50	0.73871
14.67	0.71290
14.83	0.73856
15.00	0.75161
15.17	0.75806
15.33	0.76129
15.50	0.73871
15.67	0.78710
15.83	0.79085
16.00	0.79032
16.17	0.72903
16.33	0.76129
16.50	0.75484
16.67	0.80000
16.83	0.80719
17.00	0.76129
17.17	0.81290
17.33	0.77742
17.50	0.78065
17.67	0.77742
17.83	0.80719
18.00	0.79355
18.17	0.84839
18.33	0.82903
18.50	0.79355
18.67	0.80323
18.83	0.77451
19.00	0.83871
19.17	0.78387
19.33	0.79677
19.50	0.79355
19.67	0.80968
19.83	0.83987
20.00	0.79355
20.17	0.80645
20.33	0.85484
20.50	0.82258
20.67	0.86774
20.83	0.81373
21.00	0.85161
21.17	0.82258
21.33	0.84516
21.50	0.83226
21.67	0.82581
21.83	0.85621
22.00	0.82903
22.17	0.84839
22.33	0.84194
22.50	0.83226
22.67	0.80968
22.83	0.85948
23.00	0.86129
23.17	0.79677
23.33	0.84839
23.50	0.89677
23.67	0.84516
23.83	0.84641
24.00	0.84839
24.17	0.88387
24.33	0.85806
24.50	0.86452
24.67	0.80000
24.83	0.86275
25.00	0.89032
25.17	0.87742
25.33	0.88387
25.50	0.86774
25.67	0.90323
25.83	0.83987
26.00	0.87742
26.17	0.87097
26.33	0.87419
26.50	0.91290
26.67	0.90645
26.83	0.84967
27.00	0.89032
27.17	0.88387
27.33	0.91290
27.50	0.90000
27.67	0.90323
27.83	0.90196
28.00	0.88387
28.17	0.89677
28.33	0.92581
28.50	0.86774
28.67	0.91290
28.83	0.91503
29.00	0.89677
29.17	0.87419
29.33	0.91613
29.50	0.91935
29.67	0.90323
29.83	0.90196
30.00	0.89677
30.17	0.91613
30.33	0.86774
30.50	0.92581
30.67	0.90000
30.83	0.89869
31.00	0.92258
31.17	0.90968
31.33	0.90000
31.50	0.90968
31.67	0.89677
31.83	0.91830
32.00	0.91290
32.17	0.91290
32.33	0.90645
32.50	0.92258
32.67	0.90645
32.83	0.91503
33.00	0.85806
33.17	0.90645
33.33	0.93871
33.50	0.92258
33.67	0.90000
33.83	0.94771
34.00	0.91935
34.17	0.93226
34.33	0.91290
34.50	0.91290
34.67	0.94194
34.83	0.94771
35.00	0.93871
35.17	0.93871
35.33	0.93548
35.50	0.94194
35.67	0.91613
35.83	0.92484
36.00	0.96774
36.17	0.92258
36.33	0.94839
36.50	0.92258
36.67	0.95484
36.83	0.94118
37.00	0.94516
37.17	0.93226
37.33	0.95484
37.50	0.96129
37.67	0.94839
37.83	0.94444
38.00	0.93871
38.17	0.94516
38.33	0.95161
38.50	0.95806
38.67	0.91290
38.83	0.95098
39.00	0.97419
39.17	0.95806
39.33	0.93226
39.50	0.91290
39.67	0.93226
39.83	0.92157
40.00	0.92258
40.17	0.94194
40.33	0.96129
40.50	0.94839
40.67	0.95161
40.83	0.95425
41.00	0.93548
41.17	0.96774
41.33	0.93871
41.50	0.95161
41.67	0.94194
41.83	0.94444
42.00	0.93548
42.17	0.96774
42.33	0.96129
42.50	0.94839
42.67	0.95484
42.83	0.96078
43.00	0.97097
43.17	0.96129
43.33	0.94516
43.50	0.95161
43.67	0.96452
43.83	0.96078
44.00	0.97097
44.17	0.95484
44.33	0.98065
44.50	0.96129
44.67	0.97097
44.83	0.94771
45.00	0.95806
45.17	0.95806
45.33	0.95806
45.50	0.96129
45.67	0.98387
45.83	0.96732
46.00	0.96452
46.17	0.95806
46.33	0.94516
46.50	0.97419
46.67	0.95484
46.83	0.97059
47.00	0.97097
47.17	0.94516
47.33	0.98710
47.50	0.96129
47.67	0.95806
47.83	0.95752
48.00	0.97097
48.17	0.98065
48.33	0.96452
48.50	0.96129
48.67	0.97419
48.83	0.95752
49.00	0.96774
49.17	0.96774
49.33	0.98065
49.50	0.96774
49.67	0.98065
49.83	0.97059
50.00	0.98387
50.17	0.96452
50.33	0.98065
50.50	0.94839
50.67	0.93548
50.83	0.97386
51.00	0.97419
51.17	0.96774
51.33	0.95806
51.50	0.96774
51.67	0.97097
51.83	0.96078
52.00	0.97097
52.17	0.96129
52.33	0.96774
52.50	0.96774
52.67	0.96774
52.83	0.97059
53.00	0.98387
53.17	0.97419
53.33	0.98387
53.50	0.98065
53.67	0.97097
53.83	0.97386
54.00	0.98065
54.17	0.97419
54.33	0.97742
54.50	0.96452
54.67	0.98710
54.83	0.98366
55.00	0.98065
55.17	0.96452
55.33	0.98065
55.50	0.98065
55.67	0.98065
55.83	0.97386
56.00	0.98387
56.17	0.97742
56.33	0.96452
56.50	0.97419
56.67	0.97419
56.83	0.98039
57.00	0.97742
57.17	0.98387
57.33	0.96774
57.50	0.97097
57.67	0.98065
57.83	0.96732
58.00	0.98387
58.17	0.98387
58.33	0.95806
58.50	0.96452
58.67	0.99032
58.83	0.97712
59.00	0.98065
59.17	0.96774
59.33	0.98710
59.50	0.98065
59.67	0.98710
59.83	0.98366
60.00	0.97742
60.17	0.97097
60.33	0.98710
60.50	0.99032
60.67	0.98387
60.83	0.97059
61.00	0.99355
61.17	0.99032
61.33	0.98387
61.50	0.97742
61.67	0.99032
61.83	0.99020
62.00	0.99032
62.17	0.98387
62.33	0.98710
62.50	0.97742
62.67	0.98710
62.83	0.99346
63.00	0.99032
63.17	0.99355
63.33	0.98710
63.50	0.98710
63.67	0.98710
63.83	0.99673
64.00	1.00000
64.17	0.99677
64.33	0.98710
64.50	0.99032
64.67	0.98387
64.83	0.98039
65.00	0.99032
65.17	0.98065
65.33	0.99032
65.50	0.97742
65.67	0.99677
65.83	0.99673
66.00	0.99677
66.17	0.99032
66.33	0.99032
66.50	0.98065
66.67	0.99355
66.83	0.99346
67.00	0.99032
67.17	0.99032
67.33	0.99355
67.50	0.99032
67.67	0.98710
67.83	0.98366
68.00	0.99677
68.17	0.99032
68.33	0.99032
68.50	0.98387
68.67	0.98387
68.83	0.98366
69.00	0.99032
69.17	0.97742
69.33	0.96774
69.50	0.99355
69.67	0.99355
69.83	0.99020
70.00	0.99355
70.17	0.99355
70.33	0.99355
70.50	0.98710
70.67	0.99677
70.83	0.99346
71.00	0.98710
71.17	0.99677
71.33	0.98387
71.50	0.99355
71.67	0.99677
71.83	0.98039
72.00	0.98710
72.17	0.98065
72.33	0.99032
72.50	0.99677
72.67	0.97097
72.83	0.98366
73.00	0.98710
73.17	0.99355
73.33	0.98710
73.50	0.99032
73.67	0.98710
73.83	0.98039
74.00	0.98710
74.17	0.99355
74.33	0.98387
74.50	1.00000
74.67	1.00000
74.83	0.98039
75.00	0.99677
75.17	0.99355
75.33	0.99355
75.50	0.99032
75.67	0.98710
75.83	0.97712
76.00	0.99355
76.17	0.98710
76.33	0.99677
76.50	0.99032
76.67	0.99032
76.83	0.98693
77.00	1.00000
77.17	0.99355
77.33	0.98710
77.50	0.98065
77.67	0.98710
77.83	0.98366
78.00	0.99355
78.17	1.00000
78.33	0.99355
78.50	1.00000
78.67	0.98710
78.83	0.99020
79.00	0.99677
79.17	0.99355
79.33	0.98710
79.50	0.99677
79.67	0.99677
79.83	0.99346
80.00	0.99677
80.17	0.99677
80.33	0.99677
80.50	0.99677
80.67	0.99355
80.83	0.99346
81.00	0.99355
81.17	1.00000
81.33	0.98710
81.50	0.99355
81.67	1.00000
81.83	0.99346
82.00	0.99355
82.17	0.99032
82.33	0.99032
82.50	1.00000
82.67	0.99355
82.83	1.00000
83.00	0.99032
83.17	1.00000
83.33	0.99355
83.50	0.99355
83.67	0.98710
83.83	1.00000
84.00	1.00000
84.17	0.99355
84.33	0.99677
84.50	0.97742
84.67	0.99677
84.83	0.99020
85.00	0.99355
85.17	0.99677
85.33	0.99032
85.50	0.99677
85.67	1.00000
85.83	0.99673
86.00	0.99677
86.17	0.99355
86.33	0.99355
86.50	0.99355
86.67	1.00000
86.83	1.00000
87.00	0.99677
87.17	0.99677
87.33	0.99032
87.50	0.99677
87.67	1.00000
87.83	1.00000
88.00	0.99355
88.17	1.00000
88.33	0.99032
88.50	0.99355
88.67	0.99677
88.83	0.99673
89.00	0.99355
89.17	0.99677
89.33	0.99677
89.50	0.99032
89.67	0.99677
89.83	1.00000
90.00	0.98710
90.17	1.00000
90.33	1.00000
90.50	0.99677
90.67	1.00000
90.83	0.99673
91.00	0.99355
91.17	0.99677
91.33	1.00000
91.50	1.00000
91.67	0.99355
91.83	1.00000
92.00	0.99677
92.17	0.99677
92.33	0.99677
92.50	0.99355
92.67	1.00000
92.83	0.99673
93.00	0.99677
93.17	1.00000
93.33	0.99677
93.50	1.00000
93.67	0.99677
93.83	0.99346
94.00	0.99677
94.17	0.99355
94.33	1.00000
94.50	0.99355
94.67	0.99677
94.83	0.99673
95.00	1.00000
95.17	0.99355
95.33	1.00000
95.50	0.99677
95.67	1.00000
95.83	0.99673
96.00	0.99677
96.17	0.99355
96.33	1.00000
96.50	0.99677
96.67	0.99677
96.83	0.99673
97.00	0.99677
97.17	1.00000
97.33	1.00000
97.50	0.99355
97.67	0.99677
97.83	0.99346
98.00	0.99677
98.17	0.99677
98.33	0.99677
98.50	1.00000
98.67	0.99677
98.83	1.00000
99.00	1.00000
99.17	1.00000
99.33	1.00000
99.50	0.99355
99.67	0.99677
99.83	0.99673
100.00	1.00000
100.17	1.00000
100.33	1.00000
100.50	1.00000
100.67	0.99677
100.83	0.99673
101.00	1.00000
101.17	0.99677
101.33	0.98710
101.50	1.00000
101.67	0.99677
101.83	1.00000
102.00	0.99677
102.17	1.00000
102.33	0.99677
102.50	0.99032
102.67	0.99677
102.83	0.99673
103.00	1.00000
103.17	1.00000
103.33	1.00000
103.50	0.99677
103.67	0.99677
103.83	1.00000
104.00	0.99677
104.17	0.99677
104.33	1.00000
104.50	0.99355
104.67	1.00000
104.83	1.00000
105.00	0.99677
105.17	0.99677
105.33	1.00000
105.50	0.99677
105.67	0.99677
105.83	0.99673
106.00	1.00000
106.17	1.00000
106.33	1.00000
106.50	1.00000
106.67	0.99677
106.83	0.99673
107.00	1.00000
107.17	1.00000
107.33	0.99032
107.50	1.00000
107.67	1.00000
107.83	0.99673
108.00	0.99355
108.17	0.99355
108.33	1.00000
108.50	1.00000
108.67	1.00000
108.83	0.99673
109.00	0.99677
109.17	0.99677
109.33	0.99355
109.50	0.99677
109.67	0.99677
109.83	0.99673
110.00	0.99677
110.17	0.99355
110.33	0.99677
110.50	1.00000
110.67	1.00000
110.83	0.99673
111.00	1.00000
111.17	0.99677
111.33	0.99677
111.50	1.00000
111.67	1.00000
111.83	0.99346
112.00	1.00000
112.17	0.99355
112.33	0.99677
112.50	0.99677
112.67	0.99677
112.83	0.99346
113.00	1.00000
113.17	0.99677
113.33	0.99677
113.50	0.99677
113.67	1.00000
113.83	0.99673
114.00	1.00000
114.17	0.99677
114.33	1.00000
114.50	1.00000
114.67	1.00000
114.83	0.99673
115.00	1.00000
115.17	1.00000
115.33	0.99355
115.50	1.00000
115.67	0.99677
115.83	0.99673
116.00	0.99677
116.17	1.00000
116.33	1.00000
116.50	0.99677
116.67	0.99355
116.83	0.99673
117.00	0.99677
117.17	0.99355
117.33	1.00000
117.50	1.00000
117.67	0.99355
117.83	0.99673
118.00	1.00000
118.17	1.00000
118.33	1.00000
118.50	0.99677
118.67	1.00000
118.83	1.00000
119.00	1.00000
119.17	1.00000
119.33	1.00000
119.50	1.00000
119.67	1.00000
119.83	0.99346
120.00	1.00000
120.17	1.00000
120.33	1.00000
120.50	1.00000
120.67	1.00000
120.83	1.00000
121.00	0.99677
121.17	0.99677
121.33	0.99677
121.50	1.00000
121.67	1.00000
121.83	0.99346
122.00	1.00000
122.17	0.99677
122.33	0.99677
122.50	1.00000
122.67	1.00000
122.83	0.99673
123.00	1.00000
123.17	1.00000
123.33	1.00000
123.50	1.00000
123.67	1.00000
123.83	0.99673
124.00	1.00000
124.17	1.00000
124.33	1.00000
124.50	0.99355
124.67	1.00000
124.83	0.99346
125.00	1.00000
125.17	1.00000
125.33	1.00000
125.50	1.00000
125.67	1.00000
125.83	0.99673
126.00	1.00000
126.17	1.00000
126.33	1.00000
126.50	0.99677
126.67	1.00000
126.83	1.00000
127.00	1.00000
127.17	1.00000
127.33	1.00000
127.50	1.00000
127.67	1.00000
127.83	0.99673
128.00	0.99677
128.17	1.00000
128.33	1.00000
128.50	1.00000
128.67	1.00000
128.83	0.99673
129.00	1.00000
129.17	0.99677
129.33	1.00000
129.50	1.00000
129.67	0.99677
129.83	1.00000
130.00	1.00000
130.17	0.99677
130.33	1.00000
130.50	1.00000
130.67	1.00000
130.83	1.00000
131.00	1.00000
131.17	0.99677
131.33	1.00000
131.50	1.00000
131.67	1.00000
131.83	1.00000
132.00	1.00000
132.17	1.00000
132.33	1.00000
132.50	1.00000
132.67	0.99677
132.83	1.00000
133.00	1.00000
133.17	1.00000
133.33	1.00000
133.50	1.00000
133.67	1.00000
133.83	0.99673
134.00	0.99677
134.17	0.99677
134.33	1.00000
134.50	0.99355
134.67	1.00000
134.83	0.99673
135.00	1.00000
135.17	1.00000
135.33	1.00000
135.50	1.00000
135.67	1.00000
135.83	1.00000
136.00	1.00000
136.17	0.99355
136.33	1.00000
136.50	1.00000
136.67	1.00000
136.83	1.00000
137.00	0.99677
137.17	1.00000
137.33	1.00000
137.50	1.00000
137.67	0.99677
137.83	0.99673
138.00	0.99032
138.17	1.00000
138.33	1.00000
138.50	0.99677
138.67	1.00000
138.83	0.99673
139.00	1.00000
139.17	1.00000
139.33	1.00000
139.50	1.00000
139.67	0.99677
139.83	1.00000
140.00	1.00000
140.17	0.99677
140.33	1.00000
140.50	1.00000
140.67	0.99677
140.83	1.00000
141.00	0.99677
141.17	1.00000
141.33	0.99355
141.50	1.00000
141.67	0.99677
141.83	0.99673
142.00	1.00000
142.17	1.00000
142.33	1.00000
142.50	1.00000
142.67	0.99677
142.83	1.00000
143.00	1.00000
143.17	1.00000
143.33	1.00000
143.50	1.00000
143.67	1.00000
143.83	1.00000
144.00	1.00000
144.17	0.99677
144.33	0.99677
144.50	1.00000
144.67	1.00000
144.83	1.00000
145.00	1.00000
145.17	1.00000
145.33	0.99677
145.50	1.00000
145.67	1.00000
145.83	1.00000
146.00	1.00000
146.17	1.00000
146.33	1.00000
146.50	1.00000
146.67	1.00000
146.83	1.00000
147.00	1.00000
147.17	1.00000
147.33	1.00000
147.50	1.00000
147.67	1.00000
147.83	1.00000
148.00	0.99677
148.17	0.99677
148.33	0.99677
148.50	0.99677
148.67	1.00000
148.83	1.00000
149.00	1.00000
149.17	1.00000
149.33	1.00000
149.50	0.99677
149.67	0.99677
149.83	1.00000
150.00	0.99677
150.17	1.00000
150.33	0.99677
150.50	0.99677
150.67	1.00000
150.83	0.99346
151.00	1.00000
151.17	0.99677
151.33	0.99677
151.50	1.00000
151.67	1.00000
151.83	1.00000
152.00	0.99677
152.17	1.00000
152.33	0.99677
152.50	0.99677
152.67	1.00000
152.83	1.00000
153.00	0.99677
153.17	1.00000
153.33	0.99355
153.50	1.00000
153.67	1.00000
153.83	1.00000
154.00	1.00000
154.17	1.00000
154.33	0.99677
154.50	1.00000
154.67	1.00000
154.83	0.99673
155.00	1.00000
155.17	1.00000
155.33	1.00000
155.50	0.99677
155.67	1.00000
155.83	0.99346
156.00	1.00000
156.17	0.99677
156.33	0.99677
156.50	0.99677
156.67	0.99355
156.83	0.99673
157.00	1.00000
157.17	1.00000
157.33	0.99677
157.50	1.00000
157.67	0.99677
157.83	1.00000
158.00	1.00000
158.17	0.99677
158.33	0.99677
158.50	1.00000
158.67	1.00000
158.83	1.00000
159.00	0.99677
159.17	1.00000
159.33	1.00000
159.50	1.00000
159.67	1.00000
159.83	1.00000
160.00	0.99677
160.17	1.00000
160.33	0.99677
160.50	1.00000
160.67	0.99677
160.83	1.00000
161.00	1.00000
161.17	1.00000
161.33	1.00000
161.50	1.00000
161.67	0.99677
161.83	0.99673
162.00	0.99677
162.17	1.00000
162.33	0.99677
162.50	1.00000
162.67	1.00000
162.83	0.99673
163.00	0.99677
163.17	1.00000
163.33	1.00000
163.50	1.00000
163.67	1.00000
163.83	1.00000
164.00	0.99677
164.17	1.00000
164.33	1.00000
164.50	1.00000
164.67	1.00000
164.83	0.99673
165.00	1.00000
165.17	1.00000
165.33	1.00000
165.50	0.99032
165.67	0.98387
165.83	1.00000
166.00	0.98387
166.17	0.98065
166.33	0.99677
166.50	1.00000
166.67	0.99032
166.83	0.98366
167.00	0.99677
167.17	0.99355
167.33	0.99677
167.50	1.00000
167.67	0.99032
167.83	0.99673
168.00	1.00000
168.17	0.99677
168.33	0.99355
168.50	0.99677
168.67	1.00000
168.83	1.00000
169.00	1.00000
169.17	1.00000
169.33	0.98710
169.50	1.00000
169.67	0.99677
169.83	0.99020
170.00	0.99677
170.17	1.00000
170.33	1.00000
170.50	1.00000
170.67	0.99677
170.83	0.99673
171.00	0.99677
171.17	1.00000
171.33	1.00000
171.50	1.00000
171.67	0.99677
171.83	0.99673
172.00	1.00000
172.17	1.00000
172.33	1.00000
172.50	1.00000
172.67	0.99355
172.83	1.00000
173.00	1.00000
173.17	1.00000
173.33	0.99677
173.50	1.00000
173.67	1.00000
173.83	1.00000
174.00	0.99355
174.17	1.00000
174.33	1.00000
174.50	1.00000
174.67	0.99677
174.83	1.00000
175.00	1.00000
175.17	1.00000
175.33	1.00000
175.50	1.00000
175.67	1.00000
175.83	1.00000
176.00	1.00000
176.17	0.99677
176.33	1.00000
176.50	1.00000
176.67	1.00000
176.83	1.00000
177.00	1.00000
177.17	1.00000
177.33	1.00000
177.50	1.00000
177.67	1.00000
177.83	0.99346
178.00	1.00000
178.17	0.99677
178.33	1.00000
178.50	1.00000
178.67	0.99677
178.83	0.99673
179.00	0.99677
179.17	1.00000
179.33	1.00000
179.50	1.00000
179.67	1.00000
179.83	1.00000
180.00	1.00000
180.17	1.00000
180.33	0.99355
180.50	1.00000
180.67	0.99677
180.83	1.00000
181.00	1.00000
181.17	1.00000
181.33	1.00000
181.50	1.00000
181.67	0.99355
181.83	1.00000
182.00	1.00000
182.17	0.99677
182.33	1.00000
182.50	1.00000
182.67	1.00000
182.83	1.00000
183.00	1.00000
183.17	1.00000
183.33	1.00000
183.50	1.00000
183.67	1.00000
183.83	0.99673
184.00	1.00000
184.17	0.99677
184.33	1.00000
184.50	0.99355
184.67	1.00000
184.83	1.00000
185.00	1.00000
185.17	1.00000
185.33	1.00000
185.50	1.00000
185.67	0.99677
185.83	1.00000
186.00	1.00000
186.17	1.00000
186.33	1.00000
186.50	1.00000
186.67	0.99677
186.83	1.00000
187.00	1.00000
187.17	0.99677
187.33	0.99677
187.50	1.00000
187.67	0.99677
187.83	1.00000
188.00	0.99677
188.17	1.00000
188.33	1.00000
188.50	1.00000
188.67	1.00000
188.83	1.00000
189.00	1.00000
189.17	1.00000
189.33	1.00000
189.50	0.99677
189.67	0.99677
189.83	1.00000
190.00	1.00000
190.17	1.00000
190.33	0.99677
190.50	1.00000
190.67	1.00000
190.83	1.00000
191.00	0.99677
191.17	0.99677
191.33	1.00000
191.50	1.00000
191.67	1.00000
191.83	0.99020
192.00	1.00000
192.17	1.00000
192.33	1.00000
192.50	1.00000
192.67	1.00000
192.83	1.00000
193.00	1.00000
193.17	1.00000
193.33	1.00000
193.50	0.99355
193.67	1.00000
193.83	0.99673
194.00	1.00000
194.17	1.00000
194.33	0.99677
194.50	1.00000
194.67	1.00000
194.83	0.99020
195.00	1.00000
195.17	0.99677
195.33	0.99677
195.50	1.00000
195.67	0.99032
195.83	0.99673
196.00	1.00000
196.17	0.99677
196.33	0.99677
196.50	1.00000
196.67	1.00000
196.83	1.00000
197.00	1.00000
197.17	0.99677
197.33	1.00000
197.50	0.99677
197.67	1.00000
197.83	1.00000
198.00	1.00000
198.17	1.00000
198.33	1.00000
198.50	1.00000
198.67	0.99677
198.83	0.99673
199.00	1.00000
199.17	0.99677
199.33	1.00000
199.50	1.00000
199.67	1.00000
199.83	1.00000
