0.00	68.32258
0.17	63.54839
0.33	59.80645
0.50	55.29032
0.67	50.00000
0.83	45.94772
1.00	47.61290
1.17	41.93548
1.33	38.00000
1.50	38.58064
1.67	34.96774
1.83	36.92810
2.00	30.70968
2.17	28.19355
2.33	31.35484
2.50	32.90322
2.67	29.74194
2.83	29.08497
3.00	25.35484
3.17	26.51613
3.33	26.70968
3.50	29.80645
3.67	23.22581
3.83	23.98693
4.00	25.67742
4.17	19.41935
4.33	22.51613
4.50	22.83871
4.67	24.64516
4.83	23.66013
5.00	21.03226
5.17	20.77419
5.33	19.93548
5.50	20.70968
5.67	18.83871
5.83	19.54248
6.00	22.51613
6.17	18.12903
6.33	18.12903
6.50	17.41936
6.67	14.32258
6.83	16.53595
7.00	18.12903
7.17	15.54839
7.33	16.38710
7.50	19.74194
7.67	16.32258
7.83	14.57516
8.00	13.80645
8.17	15.80645
8.33	14.64516
8.50	15.48387
8.67	14.58064
8.83	14.64052
9.00	14.32258
9.17	14.45161
9.33	14.32258
9.50	14.51613
9.67	13.80645
9.83	14.31373
10.00	12.96774
10.17	13.09677
10.33	13.48387
10.50	12.70968
10.67	12.77419
10.83	14.11765
11.00	12.83871
11.17	9.29032
11.33	12.77419
11.50	11.87097
11.67	10.51613
11.83	11.83006
12.00	11.80645
12.17	11.48387
12.33	11.93548
12.50	9.87097
12.67	12.38710
12.83	9.60784
13.00	11.80645
13.17	10.00000
13.33	10.96774
13.50	11.03226
13.67	11.61290
13.83	9.67320
14.00	10.32258
14.17	10.51613
14.33	9.61290
14.50	11.35484
14.67	10.64516
14.83	8.23529
15.00	9.22581
15.17	10.06452
15.33	10.12903
15.50	10.45161
15.67	9.09677
15.83	10.26144
16.00	7.48387
16.17	9.22581
16.33	8.83871
16.50	8.25806
16.67	9.35484
16.83	7.25490
17.00	8.45161
17.17	8.38710
17.33	9.22581
17.50	8.12903
17.67	7.41935
17.83	9.60784
18.00	8.19355
18.17	8.96774
18.33	8.19355
18.50	7.87097
18.67	8.58065
18.83	8.10458
19.00	6.19355
19.17	7.54839
19.33	6.45161
19.50	7.35484
19.67	6.70968
19.83	7.90850
20.00	9.29032
20.17	7.61290
20.33	6.32258
20.50	6.06452
20.67	5.93548
20.83	7.38562
21.00	6.58064
21.17	5.35484
21.33	6.70968
21.50	7.67742
21.67	8.12903
21.83	6.01307
22.00	5.54839
22.17	6.25806
22.33	6.12903
22.50	6.64516
22.67	6.64516
22.83	6.07843
23.00	5.09677
23.17	6.64516
23.33	7.16129
23.50	5.54839
23.67	7.16129
23.83	6.20915
24.00	6.00000
24.17	6.00000
24.33	5.22581
24.50	4.64516
24.67	5.74194
24.83	5.62092
25.00	5.16129
25.17	6.00000
25.33	6.25806
25.50	5.74194
25.67	4.19355
25.83	4.96732
26.00	6.77419
26.17	5.35484
26.33	5.09677
26.50	4.38710
26.67	5.29032
26.83	6.14379
27.00	4.25806
27.17	4.70968
27.33	5.16129
27.50	4.06452
27.67	5.67742
27.83	3.98693
28.00	4.70968
28.17	5.16129
28.33	4.51613
28.50	4.32258
28.67	3.74194
28.83	4.96732
29.00	3.48387
29.17	6.00000
29.33	4.12903
29.50	3.61290
29.67	4.32258
29.83	3.33333
30.00	4.25806
30.17	3.74194
30.33	4.64516
30.50	4.90323
30.67	4.70968
30.83	3.98693
31.00	4.90323
31.17	5.54839
31.33	3.22581
31.50	3.16129
31.67	3.74194
31.83	3.59477
32.00	5.41935
32.17	3.16129
32.33	4.45161
32.50	3.61290
32.67	4.58065
32.83	4.44444
33.00	4.70968
33.17	3.09677
33.33	3.35484
33.50	3.54839
33.67	3.16129
33.83	3.20261
34.00	3.87097
34.17	2.90323
34.33	2.58065
34.50	3.67742
34.67	3.35484
34.83	2.94118
35.00	2.96774
35.17	2.77419
35.33	2.90323
35.50	4.19355
35.67	3.03226
35.83	2.54902
36.00	2.64516
36.17	2.25806
36.33	2.45161
36.50	2.58065
36.67	3.67742
36.83	3.59477
37.00	2.45161
37.17	2.38710
37.33	3.09677
37.50	3.03226
37.67	3.29032
37.83	2.74510
38.00	3.61290
38.17	4.51613
38.33	1.87097
38.50	2.25806
38.67	2.51613
38.83	2.54902
39.00	3.09677
39.17	1.93548
39.33	1.80645
39.50	2.32258
39.67	1.87097
39.83	2.61438
40.00	1.93548
40.17	1.87097
40.33	1.93548
40.50	2.32258
40.67	1.87097
40.83	2.35294
41.00	2.58065
41.17	1.74194
41.33	2.25806
41.50	1.87097
41.67	2.51613
41.83	2.09150
42.00	2.90323
42.17	2.06452
42.33	2.58065
42.50	1.80645
42.67	1.80645
42.83	2.87582
43.00	1.22581
43.17	1.93548
43.33	2.51613
43.50	1.93548
43.67	2.32258
43.83	1.63399
44.00	1.22581
44.17	2.77419
44.33	1.74194
44.50	1.41935
44.67	2.06452
44.83	1.50327
45.00	1.74194
45.17	1.22581
45.33	1.48387
45.50	1.41935
45.67	1.35484
45.83	1.50327
46.00	1.29032
46.17	1.16129
46.33	1.41935
46.50	1.61290
46.67	2.70968
46.83	2.02614
47.00	1.74194
47.17	1.54839
47.33	2.38710
47.50	1.41935
47.67	1.67742
47.83	1.04575
48.00	0.83871
48.17	1.03226
48.33	1.29032
48.50	2.38710
48.67	1.48387
48.83	0.98039
49.00	1.16129
49.17	1.22581
49.33	1.09677
49.50	1.67742
49.67	1.67742
49.83	1.43791
50.00	1.09677
50.17	1.93548
50.33	1.35484
50.50	1.09677
50.67	0.96774
50.83	1.04575
51.00	1.87097
51.17	0.96774
51.33	0.96774
51.50	1.09677
51.67	0.96774
51.83	1.17647
52.00	1.03226
52.17	1.29032
52.33	1.22581
52.50	0.77419
52.67	1.87097
52.83	1.69935
53.00	1.16129
53.17	1.22581
53.33	0.77419
53.50	1.29032
53.67	1.41935
53.83	0.98039
54.00	0.32258
54.17	0.83871
54.33	0.58065
54.50	0.64516
54.67	1.29032
54.83	1.11111
55.00	0.58065
55.17	0.83871
55.33	0.58065
55.50	1.09677
55.67	0.77419
55.83	0.65359
56.00	0.77419
56.17	0.90323
56.33	1.03226
56.50	1.87097
56.67	1.80645
56.83	0.52288
57.00	0.51613
57.17	0.38710
57.33	0.70968
57.50	0.58065
57.67	1.48387
57.83	1.37255
58.00	0.58065
58.17	0.58065
58.33	0.38710
58.50	0.70968
58.67	1.29032
58.83	0.78431
59.00	0.38710
59.17	0.25806
59.33	0.45161
59.50	0.70968
59.67	0.45161
59.83	0.84967
60.00	0.90323
60.17	0.77419
60.33	0.58065
60.50	0.38710
60.67	0.51613
60.83	0.78431
61.00	0.77419
61.17	0.58065
61.33	0.45161
61.50	0.77419
61.67	0.77419
61.83	0.78431
62.00	0.58065
62.17	0.19355
62.33	0.77419
62.50	0.58065
62.67	0.70968
62.83	0.78431
63.00	0.38710
63.17	0.45161
63.33	1.09677
63.50	0.90323
63.67	0.38710
63.83	0.65359
64.00	1.09677
64.17	0.38710
64.33	0.64516
64.50	0.32258
64.67	0.38710
64.83	0.65359
65.00	0.19355
65.17	0.58065
65.33	0.58065
65.50	0.51613
65.67	0.32258
65.83	0.52288
66.00	0.45161
66.17	0.32258
66.33	1.09677
66.50	0.25806
66.67	0.38710
66.83	0.52288
67.00	0.25806
67.17	0.19355
67.33	0.12903
67.50	0.38710
67.67	0.19355
67.83	0.91503
68.00	0.25806
68.17	0.38710
68.33	0.38710
68.50	0.19355
68.67	0.64516
68.83	1.17647
69.00	0.12903
69.17	0.64516
69.33	0.32258
69.50	0.64516
69.67	0.00000
69.83	1.24183
70.00	0.58065
70.17	0.19355
70.33	0.19355
70.50	0.38710
70.67	0.38710
70.83	0.13072
71.00	0.32258
71.17	0.51613
71.33	0.12903
71.50	0.12903
71.67	0.45161
71.83	0.39216
72.00	0.12903
72.17	0.19355
72.33	0.12903
72.50	0.06452
72.67	0.45161
72.83	0.32680
73.00	0.45161
73.17	0.12903
73.33	0.38710
73.50	0.45161
73.67	0.51613
73.83	0.39216
74.00	0.12903
74.17	0.25806
74.33	0.25806
74.50	0.64516
74.67	0.51613
74.83	0.13072
75.00	0.12903
75.17	1.22581
75.33	0.38710
75.50	0.32258
75.67	0.12903
75.83	0.00000
76.00	0.25806
76.17	0.32258
76.33	0.12903
76.50	0.25806
76.67	0.19355
76.83	0.19608
77.00	0.19355
77.17	0.19355
77.33	0.32258
77.50	0.38710
77.67	0.32258
77.83	0.32680
78.00	0.19355
78.17	0.12903
78.33	0.06452
78.50	0.19355
78.67	0.06452
78.83	0.52288
79.00	0.25806
79.17	0.12903
79.33	0.00000
79.50	0.12903
79.67	0.19355
79.83	0.26144
80.00	0.06452
80.17	0.32258
80.33	0.19355
80.50	0.06452
80.67	0.06452
80.83	0.39216
81.00	0.25806
81.17	0.12903
81.33	0.12903
81.50	0.12903
81.67	0.06452
81.83	0.00000
82.00	0.06452
82.17	0.19355
82.33	0.00000
82.50	0.06452
82.67	0.64516
82.83	0.19608
83.00	0.12903
83.17	0.19355
83.33	0.06452
83.50	0.00000
83.67	0.25806
83.83	0.06536
84.00	0.06452
84.17	0.12903
84.33	0.25806
84.50	0.06452
84.67	0.06452
84.83	0.19608
85.00	0.06452
85.17	0.19355
85.33	0.06452
85.50	0.06452
85.67	0.12903
85.83	0.00000
86.00	0.51613
86.17	0.06452
86.33	0.00000
86.50	0.12903
86.67	0.06452
86.83	0.06536
87.00	0.12903
87.17	0.00000
87.33	0.12903
87.50	0.32258
87.67	0.25806
87.83	0.06536
88.00	0.12903
88.17	0.12903
88.33	0.12903
88.50	0.00000
88.67	0.25806
88.83	0.06536
89.00	0.12903
89.17	0.12903
89.33	0.45161
89.50	0.06452
89.67	0.12903
89.83	0.00000
90.00	0.06452
90.17	0.12903
90.33	0.12903
90.50	0.06452
90.67	0.06452
90.83	0.13072
91.00	0.00000
91.17	0.06452
91.33	0.00000
91.50	0.19355
91.67	0.12903
91.83	0.13072
92.00	0.00000
92.17	0.12903
92.33	0.32258
92.50	0.06452
92.67	0.45161
92.83	0.06536
93.00	0.12903
93.17	0.00000
93.33	0.12903
93.50	0.06452
93.67	0.00000
93.83	0.00000
94.00	0.06452
94.17	0.00000
94.33	0.06452
94.50	0.00000
94.67	0.38710
94.83	0.06536
95.00	0.12903
95.17	0.06452
95.33	1.16129
95.50	0.19355
95.67	0.51613
95.83	0.19608
96.00	0.00000
96.17	0.06452
96.33	0.00000
96.50	0.00000
96.67	0.06452
96.83	0.00000
97.00	0.06452
97.17	0.06452
97.33	0.00000
97.50	0.06452
97.67	0.06452
97.83	0.19608
98.00	0.25806
98.17	0.12903
98.33	0.06452
98.50	0.06452
98.67	0.06452
98.83	0.13072
99.00	0.00000
99.17	0.12903
99.33	0.00000
99.50	0.12903
99.67	0.83871
99.83	0.06536
100.00	0.12903
100.17	0.12903
100.33	0.00000
100.50	0.00000
100.67	0.06452
100.83	0.00000
101.00	0.00000
101.17	0.00000
101.33	0.00000
101.50	0.19355
101.67	0.00000
101.83	0.13072
102.00	0.06452
102.17	0.00000
102.33	0.06452
102.50	0.19355
102.67	0.00000
102.83	0.00000
103.00	0.12903
103.17	0.06452
103.33	0.06452
103.50	0.00000
103.67	0.00000
103.83	0.13072
104.00	0.00000
104.17	0.06452
104.33	0.00000
104.50	0.12903
104.67	0.06452
104.83	0.00000
105.00	0.00000
105.17	0.06452
105.33	0.00000
105.50	0.00000
105.67	0.12903
105.83	0.00000
106.00	0.00000
106.17	0.12903
106.33	0.00000
106.50	0.00000
106.67	0.00000
106.83	0.00000
107.00	0.06452
107.17	0.06452
107.33	0.06452
107.50	0.00000
107.67	0.00000
107.83	0.00000
108.00	0.00000
108.17	0.06452
108.33	0.00000
108.50	0.00000
108.67	0.06452
108.83	0.06536
109.00	0.00000
109.17	0.06452
109.33	0.12903
109.50	0.00000
109.67	0.00000
109.83	0.06536
110.00	0.00000
110.17	0.00000
110.33	0.06452
110.50	0.00000
110.67	0.06452
110.83	0.06536
111.00	0.45161
111.17	0.06452
111.33	0.06452
111.50	0.00000
111.67	0.06452
111.83	0.13072
112.00	0.12903
112.17	0.12903
112.33	0.00000
112.50	0.00000
112.67	0.06452
112.83	0.39216
113.00	0.19355
113.17	0.06452
113.33	0.06452
113.50	0.00000
113.67	0.12903
113.83	0.00000
114.00	0.06452
114.17	0.06452
114.33	0.06452
114.50	0.12903
114.67	0.00000
114.83	0.00000
115.00	0.00000
115.17	0.00000
115.33	0.00000
115.50	0.00000
115.67	0.00000
115.83	0.19608
116.00	0.06452
116.17	0.06452
116.33	0.32258
116.50	0.00000
116.67	0.12903
116.83	0.13072
117.00	0.00000
117.17	0.00000
117.33	0.00000
117.50	0.00000
117.67	0.12903
117.83	0.00000
118.00	0.12903
118.17	0.12903
118.33	0.00000
118.50	0.00000
118.67	0.06452
118.83	0.00000
119.00	0.00000
119.17	0.00000
119.33	0.06452
119.50	0.00000
119.67	0.12903
119.83	0.00000
120.00	0.00000
120.17	0.12903
120.33	0.06452
120.50	0.12903
120.67	0.00000
120.83	0.13072
121.00	0.06452
121.17	0.06452
121.33	0.06452
121.50	0.00000
121.67	0.06452
121.83	0.00000
122.00	0.00000
122.17	0.12903
122.33	0.19355
122.50	0.00000
122.67	0.00000
122.83	0.00000
123.00	0.00000
123.17	0.25806
123.33	0.06452
123.50	0.06452
123.67	0.00000
123.83	0.00000
124.00	0.00000
124.17	0.00000
124.33	0.00000
124.50	0.06452
124.67	0.12903
124.83	0.00000
125.00	0.06452
125.17	0.00000
125.33	0.00000
125.50	0.06452
125.67	0.06452
125.83	0.06536
126.00	0.06452
126.17	0.00000
126.33	0.00000
126.50	0.00000
126.67	0.06452
126.83	0.06536
127.00	0.06452
127.17	0.00000
127.33	0.00000
127.50	0.00000
127.67	0.00000
127.83	0.00000
128.00	0.00000
128.17	0.00000
128.33	0.06452
128.50	0.12903
128.67	0.12903
128.83	0.06536
129.00	0.00000
129.17	0.00000
129.33	0.00000
129.50	0.00000
129.67	0.06452
129.83	0.00000
130.00	0.00000
130.17	0.00000
130.33	0.06452
130.50	0.00000
130.67	0.00000
130.83	0.00000
131.00	0.00000
131.17	0.00000
131.33	0.00000
131.50	0.00000
131.67	0.12903
131.83	0.00000
132.00	0.00000
132.17	0.00000
132.33	0.12903
132.50	0.00000
132.67	0.00000
132.83	0.06536
133.00	0.00000
133.17	0.06452
133.33	0.00000
133.50	0.00000
133.67	0.00000
133.83	0.00000
134.00	0.00000
134.17	0.00000
134.33	0.06452
134.50	0.00000
134.67	0.00000
134.83	0.00000
135.00	0.00000
135.17	0.00000
135.33	0.00000
135.50	0.00000
135.67	0.00000
135.83	0.00000
136.00	0.00000
136.17	0.00000
136.33	0.00000
136.50	0.00000
136.67	0.00000
136.83	0.00000
137.00	0.06452
137.17	0.00000
137.33	0.00000
137.50	0.06452
137.67	0.00000
137.83	0.00000
138.00	0.12903
138.17	0.00000
138.33	0.00000
138.50	0.06452
138.67	0.19355
138.83	0.00000
139.00	0.00000
139.17	0.00000
139.33	0.00000
139.50	0.00000
139.67	0.00000
139.83	0.00000
140.00	0.06452
140.17	0.00000
140.33	0.00000
140.50	0.00000
140.67	0.00000
140.83	0.06536
141.00	0.00000
141.17	0.00000
141.33	0.06452
141.50	0.00000
141.67	0.00000
141.83	0.00000
142.00	0.00000
142.17	0.00000
142.33	0.00000
142.50	0.00000
142.67	0.00000
142.83	0.00000
143.00	0.00000
143.17	0.00000
143.33	0.00000
143.50	0.00000
143.67	0.06452
143.83	0.00000
144.00	0.00000
144.17	0.00000
144.33	0.00000
144.50	0.00000
144.67	0.00000
144.83	0.00000
145.00	0.00000
145.17	0.00000
145.33	0.00000
145.50	0.00000
145.67	0.00000
145.83	0.00000
146.00	0.00000
146.17	0.00000
146.33	0.00000
146.50	0.00000
146.67	0.00000
146.83	0.00000
147.00	0.45161
147.17	0.00000
147.33	0.00000
147.50	0.00000
147.67	0.00000
147.83	0.00000
148.00	0.00000
148.17	0.00000
148.33	0.00000
148.50	0.06452
148.67	0.00000
148.83	0.00000
149.00	0.00000
149.17	0.00000
149.33	0.00000
149.50	0.00000
149.67	0.00000
149.83	0.00000
150.00	0.00000
150.17	0.06452
150.33	0.00000
150.50	0.00000
150.67	0.00000
150.83	0.00000
151.00	0.00000
151.17	0.00000
151.33	0.00000
151.50	0.06452
151.67	0.00000
151.83	0.00000
152.00	0.06452
152.17	0.00000
152.33	0.00000
152.50	0.06452
152.67	0.12903
152.83	0.06536
153.00	0.00000
153.17	0.06452
153.33	0.00000
153.50	0.00000
153.67	0.00000
153.83	0.06536
154.00	0.00000
154.17	0.12903
154.33	0.00000
154.50	0.06452
154.67	0.06452
154.83	0.00000
155.00	0.00000
155.17	0.00000
155.33	0.00000
155.50	0.06452
155.67	0.00000
155.83	0.00000
156.00	0.06452
156.17	0.06452
156.33	0.00000
156.50	0.00000
156.67	0.00000
156.83	0.00000
157.00	0.00000
157.17	0.06452
157.33	0.06452
157.50	0.19355
157.67	0.00000
157.83	0.06536
158.00	0.12903
158.17	0.00000
158.33	0.00000
158.50	0.00000
158.67	0.00000
158.83	0.06536
159.00	0.00000
159.17	0.00000
159.33	0.00000
159.50	0.00000
159.67	0.00000
159.83	0.06536
160.00	0.00000
160.17	0.00000
160.33	0.00000
160.50	0.00000
160.67	0.00000
160.83	0.00000
161.00	0.00000
161.17	0.00000
161.33	0.00000
161.50	0.00000
161.67	0.00000
161.83	0.06536
162.00	0.00000
162.17	0.00000
162.33	0.12903
162.50	0.06452
162.67	0.00000
162.83	0.00000
163.00	0.00000
163.17	0.06452
163.33	0.00000
163.50	0.06452
163.67	0.00000
163.83	0.13072
164.00	0.06452
164.17	0.00000
164.33	0.00000
164.50	0.00000
164.67	0.00000
164.83	0.00000
165.00	0.00000
165.17	0.00000
165.33	0.00000
165.50	0.00000
165.67	0.00000
165.83	0.06536
166.00	0.00000
166.17	0.00000
166.33	0.00000
166.50	0.00000
166.67	0.00000
166.83	0.00000
167.00	0.00000
167.17	0.00000
167.33	0.06452
167.50	0.00000
167.67	0.00000
167.83	0.00000
168.00	0.00000
168.17	0.00000
168.33	0.00000
168.50	0.00000
168.67	0.00000
168.83	0.00000
169.00	0.00000
169.17	0.00000
169.33	0.00000
169.50	0.06452
169.67	0.00000
169.83	0.00000
170.00	0.00000
170.17	0.06452
170.33	0.00000
170.50	0.00000
170.67	0.00000
170.83	0.00000
171.00	0.00000
171.17	0.00000
171.33	0.00000
171.50	0.00000
171.67	0.19355
171.83	0.00000
172.00	0.00000
172.17	0.00000
172.33	0.00000
172.50	0.06452
172.67	0.00000
172.83	0.00000
173.00	0.00000
173.17	0.00000
173.33	0.00000
173.50	0.00000
173.67	0.00000
173.83	0.00000
174.00	0.00000
174.17	0.00000
174.33	0.00000
174.50	0.00000
174.67	0.00000
174.83	0.00000
175.00	0.00000
175.17	0.00000
175.33	0.00000
175.50	0.00000
175.67	0.00000
175.83	0.00000
176.00	0.00000
176.17	0.00000
176.33	0.00000
176.50	0.00000
176.67	0.06452
176.83	0.00000
177.00	0.00000
177.17	0.00000
177.33	0.45161
177.50	0.00000
177.67	0.00000
177.83	0.00000
178.00	0.00000
178.17	0.06452
178.33	0.12903
178.50	0.06452
178.67	0.00000
178.83	0.00000
179.00	0.00000
179.17	0.00000
179.33	0.06452
179.50	0.00000
179.67	0.06452
179.83	0.13072
180.00	0.00000
180.17	0.00000
180.33	0.00000
180.50	0.00000
180.67	0.00000
180.83	0.00000
181.00	0.00000
181.17	0.06452
181.33	0.00000
181.50	0.00000
181.67	0.00000
181.83	0.00000
182.00	0.00000
182.17	0.00000
182.33	0.06452
182.50	0.00000
182.67	0.00000
182.83	0.00000
183.00	0.00000
183.17	0.00000
183.33	0.00000
183.50	0.00000
183.67	0.00000
183.83	0.00000
184.00	0.12903
184.17	0.00000
184.33	0.00000
184.50	0.00000
184.67	0.06452
184.83	0.00000
185.00	0.00000
185.17	0.00000
185.33	0.00000
185.50	0.00000
185.67	0.00000
185.83	0.00000
186.00	0.00000
186.17	0.00000
186.33	0.00000
186.50	0.00000
186.67	0.00000
186.83	0.00000
187.00	0.00000
187.17	0.00000
187.33	0.00000
187.50	0.06452
187.67	0.06452
187.83	0.06536
188.00	0.00000
188.17	0.00000
188.33	0.00000
188.50	0.00000
188.67	0.00000
188.83	0.06536
189.00	0.00000
189.17	0.00000
189.33	0.00000
189.50	0.00000
189.67	0.00000
189.83	0.00000
190.00	0.00000
190.17	0.00000
190.33	0.00000
190.50	0.00000
190.67	0.00000
190.83	0.00000
191.00	0.00000
191.17	0.06452
191.33	0.06452
191.50	0.00000
191.67	0.00000
191.83	0.00000
192.00	0.00000
192.17	0.00000
192.33	0.00000
192.50	0.00000
192.67	0.00000
192.83	0.00000
193.00	0.00000
193.17	0.00000
193.33	0.00000
193.50	0.00000
193.67	0.00000
193.83	0.06536
194.00	0.00000
194.17	0.00000
194.33	0.00000
194.50	0.00000
194.67	0.00000
194.83	0.00000
195.00	0.00000
195.17	0.00000
195.33	0.12903
195.50	0.06452
195.67	0.00000
195.83	0.00000
196.00	0.00000
196.17	0.00000
196.33	0.06452
196.50	0.00000
196.67	0.00000
196.83	0.00000
197.00	0.00000
197.17	0.00000
197.33	0.00000
197.50	0.00000
197.67	0.00000
197.83	0.00000
198.00	0.00000
198.17	0.00000
198.33	0.00000
198.50	0.00000
198.67	0.06452
198.83	0.06536
199.00	0.00000
199.17	0.00000
199.33	0.00000
199.50	0.00000
199.67	0.00000
199.83	0.00000
