0.00	0.10000
0.33	0.10968
0.67	0.13312
1.00	0.20323
1.33	0.21935
1.67	0.21104
2.00	0.20968
2.33	0.28387
2.67	0.26623
3.00	0.33548
3.33	0.25161
3.67	0.28896
4.00	0.35161
4.33	0.29032
4.67	0.34416
5.00	0.36774
5.33	0.38065
5.67	0.43182
6.00	0.43548
6.33	0.44516
6.67	0.45779
7.00	0.43226
7.33	0.46452
7.67	0.46429
8.00	0.50323
8.33	0.48710
8.67	0.49675
9.00	0.50323
9.33	0.47742
9.67	0.51948
10.00	0.51613
10.33	0.50968
10.67	0.53247
11.00	0.48710
11.33	0.52581
11.67	0.57792
12.00	0.57097
12.33	0.57097
12.67	0.58766
13.00	0.61613
13.33	0.54839
13.67	0.63636
14.00	0.65806
14.33	0.59677
14.67	0.64935
15.00	0.61613
15.33	0.60323
15.67	0.67208
16.00	0.60645
16.33	0.62581
16.67	0.68831
17.00	0.66774
17.33	0.65161
17.67	0.63636
18.00	0.64194
18.33	0.70968
18.67	0.72078
19.00	0.67097
19.33	0.69677
19.67	0.73701
20.00	0.68710
20.33	0.68065
20.67	0.72403
21.00	0.75161
21.33	0.72903
21.67	0.73377
22.00	0.79032
22.33	0.72903
22.67	0.72403
23.00	0.73871
23.33	0.76129
23.67	0.76623
24.00	0.74839
24.33	0.76129
24.67	0.78247
25.00	0.82581
25.33	0.77742
25.67	0.81494
26.00	0.81935
26.33	0.79677
26.67	0.81818
27.00	0.82581
27.33	0.81290
27.67	0.83117
28.00	0.83226
28.33	0.84194
28.67	0.85714
29.00	0.80645
29.33	0.85161
29.67	0.80519
30.00	0.81935
30.33	0.87097
30.67	0.86039
31.00	0.86452
31.33	0.84516
31.67	0.87987
32.00	0.89677
32.33	0.84839
32.67	0.88312
33.00	0.83871
33.33	0.89355
33.67	0.87987
34.00	0.89355
34.33	0.89032
34.67	0.88312
35.00	0.89032
35.33	0.86129
35.67	0.87987
36.00	0.90323
36.33	0.88710
36.67	0.86688
37.00	0.87097
37.33	0.89032
37.67	0.88636
38.00	0.89032
38.33	0.90968
38.67	0.90260
39.00	0.92258
39.33	0.90968
39.67	0.91234
40.00	0.90000
40.33	0.92581
40.67	0.91234
41.00	0.90323
41.33	0.91935
41.67	0.93182
42.00	0.90323
42.33	0.92903
42.67	0.92532
43.00	0.95806
43.33	0.90323
43.67	0.94481
44.00	0.95484
44.33	0.94839
44.67	0.93506
45.00	0.93871
45.33	0.93871
45.67	0.92857
46.00	0.92258
46.33	0.94516
46.67	0.96429
47.00	0.94839
47.33	0.95161
47.67	0.93831
48.00	0.94194
48.33	0.94194
48.67	0.95455
49.00	0.92903
49.33	0.95806
49.67	0.95455
50.00	0.97097
50.33	0.95484
50.67	0.95455
51.00	0.95161
51.33	0.97097
51.67	0.97727
52.00	0.96774
52.33	0.96129
52.67	0.97727
53.00	0.98065
53.33	0.97742
53.67	0.96104
54.00	0.96774
54.33	0.96774
54.67	0.95455
55.00	0.97742
55.33	0.96774
55.67	0.97727
56.00	0.96452
56.33	0.96774
56.67	0.97078
57.00	0.97742
57.33	0.97097
57.67	0.98052
58.00	0.97419
58.33	0.96129
58.67	0.98377
59.00	0.98710
59.33	0.98065
59.67	0.98377
60.00	0.98710
60.33	0.98710
60.67	0.97403
61.00	0.96774
61.33	0.97742
61.67	0.97727
62.00	0.98065
62.33	0.99032
62.67	0.98052
63.00	0.98710
63.33	0.98710
63.67	0.99351
64.00	0.98065
64.33	0.96452
64.67	0.98701
65.00	0.99032
65.33	0.99355
65.67	0.97403
66.00	0.99355
66.33	0.98065
66.67	0.98377
67.00	0.98065
67.33	0.99032
67.67	0.99026
68.00	0.98710
68.33	0.99032
68.67	0.98701
69.00	0.98065
69.33	0.99677
69.67	0.99675
70.00	0.99355
70.33	1.00000
70.67	0.99026
71.00	0.99677
71.33	0.99677
71.67	0.98052
72.00	0.99355
72.33	0.99355
72.67	0.99026
73.00	0.98710
73.33	0.99032
73.67	1.00000
74.00	0.99677
74.33	0.99677
74.67	0.99351
75.00	0.99355
75.33	0.99355
75.67	0.98701
76.00	0.99677
76.33	0.98065
76.67	0.98052
77.00	0.99355
77.33	1.00000
77.67	0.99351
78.00	0.99355
78.33	1.00000
78.67	1.00000
79.00	0.99032
79.33	0.99355
79.67	0.99675
80.00	0.99355
80.33	0.99677
80.67	0.99675
81.00	0.99355
81.33	0.99677
81.67	0.99351
82.00	0.99677
82.33	1.00000
82.67	0.99675
83.00	0.99677
83.33	1.00000
83.67	0.99026
84.00	0.99355
84.33	1.00000
84.67	0.99675
85.00	0.99355
85.33	0.99677
85.67	1.00000
86.00	0.99677
86.33	0.99355
86.67	0.99675
87.00	0.99677
87.33	0.99677
87.67	0.99675
88.00	0.99032
88.33	0.99677
88.67	0.99675
89.00	0.99677
89.33	1.00000
89.67	1.00000
90.00	0.98710
90.33	0.99677
90.67	1.00000
91.00	1.00000
91.33	0.99677
91.67	1.00000
92.00	1.00000
92.33	1.00000
92.67	1.00000
93.00	1.00000
93.33	1.00000
93.67	0.99675
94.00	0.99677
94.33	0.99355
94.67	0.99351
95.00	1.00000
95.33	1.00000
95.67	1.00000
96.00	0.99677
96.33	1.00000
96.67	0.99675
97.00	1.00000
97.33	0.99677
97.67	1.00000
98.00	0.99677
98.33	1.00000
98.67	0.99675
99.00	0.99677
99.33	1.00000
99.67	0.99351
100.00	1.00000
100.33	1.00000
100.67	1.00000
101.00	1.00000
101.33	1.00000
101.67	1.00000
102.00	0.99677
102.33	0.99677
102.67	1.00000
103.00	1.00000
103.33	1.00000
103.67	0.99675
104.00	0.99677
104.33	0.99677
104.67	1.00000
105.00	1.00000
105.33	1.00000
105.67	0.99351
106.00	1.00000
106.33	0.99677
106.67	0.99675
107.00	1.00000
107.33	1.00000
107.67	1.00000
108.00	1.00000
108.33	1.00000
108.67	1.00000
109.00	0.99677
109.33	1.00000
109.67	1.00000
110.00	0.99677
110.33	0.99677
110.67	1.00000
111.00	1.00000
111.33	1.00000
111.67	0.99675
112.00	1.00000
112.33	1.00000
112.67	1.00000
113.00	1.00000
113.33	1.00000
113.67	1.00000
114.00	1.00000
114.33	1.00000
114.67	1.00000
115.00	1.00000
115.33	1.00000
115.67	1.00000
116.00	1.00000
116.33	1.00000
116.67	1.00000
117.00	1.00000
117.33	0.99677
117.67	1.00000
118.00	1.00000
118.33	1.00000
118.67	1.00000
119.00	1.00000
119.33	1.00000
119.67	1.00000
120.00	1.00000
120.33	1.00000
120.67	0.99675
121.00	1.00000
121.33	1.00000
121.67	1.00000
122.00	1.00000
122.33	1.00000
122.67	1.00000
123.00	1.00000
123.33	1.00000
123.67	1.00000
124.00	1.00000
124.33	1.00000
124.67	1.00000
125.00	1.00000
125.33	1.00000
125.67	1.00000
126.00	1.00000
126.33	1.00000
126.67	1.00000
127.00	0.99677
127.33	1.00000
127.67	1.00000
128.00	1.00000
128.33	1.00000
128.67	1.00000
129.00	1.00000
129.33	1.00000
129.67	1.00000
130.00	1.00000
130.33	1.00000
130.67	1.00000
131.00	1.00000
131.33	1.00000
131.67	0.99675
132.00	1.00000
132.33	1.00000
132.67	1.00000
133.00	1.00000
133.33	1.00000
133.67	1.00000
134.00	1.00000
134.33	1.00000
134.67	1.00000
135.00	1.00000
135.33	1.00000
135.67	1.00000
136.00	1.00000
136.33	1.00000
136.67	1.00000
137.00	1.00000
137.33	1.00000
137.67	1.00000
138.00	1.00000
138.33	1.00000
138.67	1.00000
139.00	1.00000
139.33	1.00000
139.67	1.00000
140.00	1.00000
140.33	1.00000
140.67	1.00000
141.00	1.00000
141.33	1.00000
141.67	1.00000
142.00	1.00000
142.33	1.00000
142.67	1.00000
143.00	1.00000
143.33	1.00000
143.67	1.00000
144.00	1.00000
144.33	1.00000
144.67	1.00000
145.00	1.00000
145.33	1.00000
145.67	1.00000
146.00	1.00000
146.33	1.00000
146.67	1.00000
147.00	1.00000
147.33	1.00000
147.67	1.00000
148.00	1.00000
148.33	1.00000
148.67	1.00000
149.00	1.00000
149.33	1.00000
149.67	1.00000
150.00	1.00000
150.33	1.00000
150.67	1.00000
151.00	0.99677
151.33	1.00000
151.67	1.00000
152.00	1.00000
152.33	1.00000
152.67	0.99675
153.00	1.00000
153.33	1.00000
153.67	1.00000
154.00	1.00000
154.33	1.00000
154.67	1.00000
155.00	1.00000
155.33	1.00000
155.67	1.00000
156.00	1.00000
156.33	1.00000
156.67	1.00000
157.00	1.00000
157.33	1.00000
157.67	1.00000
158.00	1.00000
158.33	1.00000
158.67	1.00000
159.00	1.00000
159.33	1.00000
159.67	1.00000
160.00	1.00000
160.33	1.00000
160.67	1.00000
161.00	1.00000
161.33	1.00000
161.67	1.00000
162.00	1.00000
162.33	1.00000
162.67	1.00000
163.00	1.00000
163.33	1.00000
163.67	1.00000
164.00	1.00000
164.33	1.00000
164.67	1.00000
165.00	1.00000
165.33	1.00000
165.67	1.00000
166.00	0.99677
166.33	1.00000
166.67	1.00000
167.00	1.00000
167.33	1.00000
167.67	1.00000
168.00	1.00000
168.33	1.00000
168.67	1.00000
169.00	1.00000
169.33	1.00000
169.67	1.00000
170.00	1.00000
170.33	1.00000
170.67	1.00000
171.00	1.00000
171.33	1.00000
171.67	1.00000
172.00	1.00000
172.33	1.00000
172.67	1.00000
173.00	1.00000
173.33	1.00000
173.67	0.99675
174.00	1.00000
174.33	1.00000
174.67	1.00000
175.00	1.00000
175.33	1.00000
175.67	1.00000
176.00	1.00000
176.33	1.00000
176.67	1.00000
177.00	1.00000
177.33	1.00000
177.67	1.00000
178.00	1.00000
178.33	1.00000
178.67	1.00000
179.00	1.00000
179.33	1.00000
179.67	1.00000
180.00	1.00000
180.33	1.00000
180.67	1.00000
181.00	1.00000
181.33	1.00000
181.67	1.00000
182.00	1.00000
182.33	1.00000
182.67	1.00000
183.00	1.00000
183.33	1.00000
183.67	1.00000
184.00	1.00000
184.33	1.00000
184.67	1.00000
185.00	1.00000
185.33	1.00000
185.67	1.00000
186.00	1.00000
186.33	1.00000
186.67	1.00000
187.00	1.00000
187.33	1.00000
187.67	1.00000
188.00	1.00000
188.33	1.00000
188.67	1.00000
189.00	1.00000
189.33	1.00000
189.67	1.00000
190.00	1.00000
190.33	1.00000
190.67	1.00000
191.00	1.00000
191.33	1.00000
191.67	1.00000
192.00	1.00000
192.33	1.00000
192.67	1.00000
193.00	1.00000
193.33	1.00000
193.67	1.00000
194.00	1.00000
194.33	1.00000
194.67	1.00000
195.00	1.00000
195.33	1.00000
195.67	1.00000
196.00	1.00000
196.33	1.00000
196.67	1.00000
197.00	1.00000
197.33	1.00000
197.67	1.00000
198.00	1.00000
198.33	1.00000
198.67	1.00000
199.00	1.00000
199.33	1.00000
199.67	1.00000
