0.00	2.58286
0.33	2.56700
0.67	2.42204
1.00	2.17768
1.33	2.20796
1.67	2.17255
2.00	2.09946
2.33	1.97223
2.67	1.96212
3.00	1.83439
3.33	2.00113
3.67	1.90208
4.00	1.81951
4.33	1.85446
4.67	1.73320
5.00	1.79764
5.33	1.71851
5.67	1.67879
6.00	1.59216
6.33	1.60525
6.67	1.59673
7.00	1.53831
7.33	1.51837
7.67	1.49347
8.00	1.49962
8.33	1.44242
8.67	1.47438
9.00	1.39692
9.33	1.45890
9.67	1.44902
10.00	1.41411
10.33	1.39417
10.67	1.34505
11.00	1.38296
11.33	1.32661
11.67	1.29676
12.00	1.29074
12.33	1.23785
12.67	1.27792
13.00	1.22074
13.33	1.27325
13.67	1.17590
14.00	1.16594
14.33	1.18090
14.67	1.13471
15.00	1.19890
15.33	1.18427
15.67	1.07047
16.00	1.16823
16.33	1.13231
16.67	1.08045
17.00	1.08467
17.33	1.10553
17.67	1.10282
18.00	1.05427
18.33	1.01971
18.67	1.02567
19.00	1.06825
19.33	0.98574
19.67	0.95207
20.00	0.98367
20.33	0.98574
20.67	0.90948
21.00	0.89136
21.33	0.94870
21.67	0.93093
22.00	0.86655
22.33	0.90401
22.67	0.90827
23.00	0.89771
23.33	0.85337
23.67	0.83421
24.00	0.87766
24.33	0.83713
24.67	0.84209
25.00	0.78889
25.33	0.82369
25.67	0.79215
26.00	0.75725
26.33	0.79623
26.67	0.77884
27.00	0.72169
27.33	0.76911
27.67	0.73939
28.00	0.72262
28.33	0.70332
28.67	0.70554
29.00	0.75402
29.33	0.68745
29.67	0.69499
30.00	0.69803
30.33	0.66428
30.67	0.66632
31.00	0.66839
31.33	0.64649
31.67	0.64380
32.00	0.61929
32.33	0.63222
32.67	0.59533
33.00	0.65264
33.33	0.60774
33.67	0.56887
34.00	0.58087
34.33	0.59652
34.67	0.57853
35.00	0.55759
35.33	0.58216
35.67	0.55222
36.00	0.53569
36.33	0.53546
36.67	0.55638
37.00	0.53272
37.33	0.55888
37.67	0.51082
38.00	0.51492
38.33	0.52656
38.67	0.51553
39.00	0.50857
39.33	0.47928
39.67	0.50392
40.00	0.48263
40.33	0.47238
40.67	0.45901
41.00	0.48291
41.33	0.46273
41.67	0.46926
42.00	0.45921
42.33	0.44020
42.67	0.45586
43.00	0.39788
43.33	0.46589
43.67	0.41969
44.00	0.39896
44.33	0.40193
44.67	0.41287
45.00	0.39708
45.33	0.39096
45.67	0.40029
46.00	0.40696
46.33	0.37025
46.67	0.36219
47.00	0.37270
47.33	0.36238
47.67	0.37951
48.00	0.36862
48.33	0.34641
48.67	0.35278
49.00	0.38305
49.33	0.33591
49.67	0.33557
50.00	0.32476
50.33	0.35569
50.67	0.33316
51.00	0.33390
51.33	0.32194
51.67	0.29290
52.00	0.28281
52.33	0.31254
52.67	0.29762
53.00	0.28492
53.33	0.30922
53.67	0.30635
54.00	0.30441
54.33	0.29918
54.67	0.30705
55.00	0.25809
55.33	0.29829
55.67	0.27047
56.00	0.27116
56.33	0.26685
56.67	0.25357
57.00	0.25830
57.33	0.28302
57.67	0.25145
58.00	0.25170
58.33	0.26197
58.67	0.23125
59.00	0.23118
59.33	0.23545
59.67	0.22824
60.00	0.22088
60.33	0.22219
60.67	0.23672
61.00	0.24448
61.33	0.23104
61.67	0.23333
62.00	0.21872
62.33	0.21812
62.67	0.24630
63.00	0.22976
63.33	0.19990
63.67	0.20363
64.00	0.20151
64.33	0.24707
64.67	0.21613
65.00	0.20146
65.33	0.20068
65.67	0.20041
66.00	0.18783
66.33	0.20331
66.67	0.19466
67.00	0.20220
67.33	0.17556
67.67	0.19185
68.00	0.17550
68.33	0.17714
68.67	0.18506
69.00	0.18782
69.33	0.14473
69.67	0.16946
70.00	0.15862
70.33	0.17377
70.67	0.17792
71.00	0.16326
71.33	0.14960
71.67	0.18761
72.00	0.15261
72.33	0.17677
72.67	0.16480
73.00	0.16347
73.33	0.15666
73.67	0.14403
74.00	0.13805
74.33	0.14593
74.67	0.13744
75.00	0.12978
75.33	0.14906
75.67	0.15989
76.00	0.12395
76.33	0.14889
76.67	0.16098
77.00	0.15570
77.33	0.13218
77.67	0.13495
78.00	0.13383
78.33	0.12337
78.67	0.13630
79.00	0.13583
79.33	0.11552
79.67	0.11815
80.00	0.10705
80.33	0.12475
80.67	0.12614
81.00	0.12241
81.33	0.11098
81.67	0.11165
82.00	0.10511
82.33	0.11535
82.67	0.11359
83.00	0.11296
83.33	0.10546
83.67	0.10610
84.00	0.11280
84.33	0.10432
84.67	0.10533
85.00	0.11050
85.33	0.10948
85.67	0.10653
86.00	0.10650
86.33	0.11161
86.67	0.10668
87.00	0.10949
87.33	0.09277
87.67	0.10791
88.00	0.11968
88.33	0.09697
88.67	0.11325
89.00	0.09370
89.33	0.09157
89.67	0.08952
90.00	0.09220
90.33	0.11044
90.67	0.08979
91.00	0.08511
91.33	0.08757
91.67	0.09010
92.00	0.09512
92.33	0.09153
92.67	0.08879
93.00	0.08668
93.33	0.08190
93.67	0.08595
94.00	0.07647
94.33	0.08832
94.67	0.08329
95.00	0.07773
95.33	0.07976
95.67	0.08001
96.00	0.07820
96.33	0.07314
96.67	0.07260
97.00	0.06802
97.33	0.08053
97.67	0.06903
98.00	0.07996
98.33	0.07285
98.67	0.05792
99.00	0.07748
99.33	0.06877
99.67	0.08086
100.00	0.06113
100.33	0.07429
100.67	0.06443
101.00	0.06876
101.33	0.06751
101.67	0.07280
102.00	0.06433
102.33	0.06835
102.67	0.06608
103.00	0.06535
103.33	0.06046
103.67	0.06815
104.00	0.06313
104.33	0.06047
104.67	0.06578
105.00	0.06005
105.33	0.06376
105.67	0.06646
106.00	0.05543
106.33	0.06509
106.67	0.05882
107.00	0.05247
107.33	0.05472
107.67	0.06585
108.00	0.06139
108.33	0.05316
108.67	0.05785
109.00	0.05766
109.33	0.05762
109.67	0.05209
110.00	0.06598
110.33	0.04955
110.67	0.05157
111.00	0.05597
111.33	0.05023
111.67	0.06142
112.00	0.05526
112.33	0.05325
112.67	0.04816
113.00	0.04879
113.33	0.05229
113.67	0.05587
114.00	0.05397
114.33	0.04911
114.67	0.04982
115.00	0.05311
115.33	0.04824
115.67	0.04760
116.00	0.05710
116.33	0.04923
116.67	0.04419
117.00	0.05039
117.33	0.04855
117.67	0.05064
118.00	0.04660
118.33	0.04164
118.67	0.05228
119.00	0.05120
119.33	0.04400
119.67	0.04524
120.00	0.04254
120.33	0.03693
120.67	0.04913
121.00	0.04947
121.33	0.04790
121.67	0.03893
122.00	0.03965
122.33	0.04004
122.67	0.04800
123.00	0.04359
123.33	0.03588
123.67	0.04280
124.00	0.04416
124.33	0.03465
124.67	0.04154
125.00	0.03279
125.33	0.03889
125.67	0.03906
126.00	0.04317
126.33	0.04028
126.67	0.04117
127.00	0.04917
127.33	0.03417
127.67	0.03789
128.00	0.03790
128.33	0.03520
128.67	0.03989
129.00	0.03657
129.33	0.03987
129.67	0.03427
130.00	0.04032
130.33	0.03970
130.67	0.04405
131.00	0.03194
131.33	0.03327
131.67	0.04091
132.00	0.03837
132.33	0.03587
132.67	0.02985
133.00	0.04122
133.33	0.03035
133.67	0.03425
134.00	0.03097
134.33	0.03439
134.67	0.03758
135.00	0.03320
135.33	0.03582
135.67	0.03530
136.00	0.03495
136.33	0.03252
136.67	0.03325
137.00	0.03449
137.33	0.02883
137.67	0.03496
138.00	0.03011
138.33	0.03372
138.67	0.03241
139.00	0.02850
139.33	0.03054
139.67	0.04010
140.00	0.03473
140.33	0.02945
140.67	0.03051
141.00	0.03058
141.33	0.02748
141.67	0.02960
142.00	0.03511
142.33	0.02864
142.67	0.02866
143.00	0.02879
143.33	0.02790
143.67	0.03143
144.00	0.02658
144.33	0.02745
144.67	0.03406
145.00	0.03282
145.33	0.02523
145.67	0.03123
146.00	0.02895
146.33	0.02955
146.67	0.03245
147.00	0.03233
147.33	0.03053
147.67	0.03188
148.00	0.02520
148.33	0.02580
148.67	0.02707
149.00	0.02345
149.33	0.02694
149.67	0.02917
150.00	0.02419
150.33	0.02546
150.67	0.02907
151.00	0.02992
151.33	0.02231
151.67	0.02706
152.00	0.02651
152.33	0.02816
152.67	0.02894
153.00	0.02744
153.33	0.02640
153.67	0.02582
154.00	0.02436
154.33	0.02253
154.67	0.03072
155.00	0.02363
155.33	0.02757
155.67	0.02422
156.00	0.02415
156.33	0.02082
156.67	0.02531
157.00	0.02085
157.33	0.02163
157.67	0.02284
158.00	0.02037
158.33	0.02096
158.67	0.02070
159.00	0.02436
159.33	0.02092
159.67	0.02225
160.00	0.02232
160.33	0.02398
160.67	0.02009
161.00	0.02291
161.33	0.02266
161.67	0.02304
162.00	0.02549
162.33	0.02353
162.67	0.02102
163.00	0.02370
163.33	0.02083
163.67	0.02339
164.00	0.01969
164.33	0.02092
164.67	0.02021
165.00	0.02240
165.33	0.02215
165.67	0.02329
166.00	0.02636
166.33	0.01881
166.67	0.01795
167.00	0.01921
167.33	0.02236
167.67	0.02011
168.00	0.02184
168.33	0.02482
168.67	0.02080
169.00	0.02147
169.33	0.02210
169.67	0.01732
170.00	0.02168
170.33	0.01872
170.67	0.01795
171.00	0.02046
171.33	0.01627
171.67	0.01715
172.00	0.01904
172.33	0.02274
172.67	0.02028
173.00	0.02132
173.33	0.01602
173.67	0.01906
174.00	0.01846
174.33	0.01683
174.67	0.02194
175.00	0.01617
175.33	0.02157
175.67	0.01848
176.00	0.01778
176.33	0.02055
176.67	0.01957
177.00	0.01426
177.33	0.01929
177.67	0.01958
178.00	0.01515
178.33	0.01779
178.67	0.01872
179.00	0.01750
179.33	0.01943
179.67	0.01667
180.00	0.01597
180.33	0.01657
180.67	0.01494
181.00	0.02066
181.33	0.01798
181.67	0.01568
182.00	0.01635
182.33	0.01768
182.67	0.01631
183.00	0.01946
183.33	0.01997
183.67	0.01848
184.00	0.01725
184.33	0.01749
184.67	0.01354
185.00	0.01670
185.33	0.01877
185.67	0.01547
186.00	0.01612
186.33	0.01721
186.67	0.01512
187.00	0.01457
187.33	0.01642
187.67	0.01603
188.00	0.01553
188.33	0.01709
188.67	0.01535
189.00	0.01657
189.33	0.01325
189.67	0.01690
190.00	0.01074
190.33	0.01818
190.67	0.01664
191.00	0.01497
191.33	0.01490
191.67	0.01479
192.00	0.01942
192.33	0.01267
192.67	0.01383
193.00	0.01429
193.33	0.01636
193.67	0.01397
194.00	0.01262
194.33	0.01145
194.67	0.01767
195.00	0.01518
195.33	0.01463
195.67	0.01620
196.00	0.01522
196.33	0.01436
196.67	0.01370
197.00	0.01263
197.33	0.01272
197.67	0.01484
198.00	0.01415
198.33	0.01638
198.67	0.01375
199.00	0.01259
199.33	0.01331
199.67	0.01509
