0.00	70.77419
0.33	61.54839
0.67	55.45454
1.00	50.45161
1.33	45.67742
1.67	43.63636
2.00	43.93549
2.33	35.29032
2.67	35.12987
3.00	27.22581
3.33	32.96774
3.67	32.72727
4.00	27.74194
4.33	30.25806
4.67	27.79221
5.00	26.45161
5.33	25.09678
5.67	23.50649
6.00	21.09677
6.33	19.35484
6.67	22.14286
7.00	22.06452
7.33	19.67742
7.67	19.48052
8.00	18.06452
8.33	17.61290
8.67	18.57143
9.00	16.38710
9.33	17.93548
9.67	18.63636
10.00	16.19355
10.33	16.83871
10.67	15.58442
11.00	16.64516
11.33	15.87097
11.67	14.35065
12.00	14.38710
12.33	14.83871
12.67	14.02597
13.00	12.12903
13.33	15.80645
13.67	11.75325
14.00	10.77419
14.33	12.83871
14.67	11.23377
15.00	12.06452
15.33	11.67742
15.67	9.80519
16.00	12.90322
16.33	13.29032
16.67	9.09091
17.00	9.61290
17.33	11.35484
17.67	11.62338
18.00	10.58064
18.33	9.09677
18.67	8.70130
19.00	10.00000
19.33	8.58065
19.67	8.11688
20.00	9.80645
20.33	10.06452
20.67	7.92208
21.00	8.58065
21.33	7.93548
21.67	8.11688
22.00	5.74194
22.33	9.35484
22.67	8.96104
23.00	8.90323
23.33	6.77419
23.67	7.27273
24.00	6.51613
24.33	6.45161
24.67	7.79221
25.00	5.61290
25.33	6.51613
25.67	5.06494
26.00	4.45161
26.33	5.48387
26.67	4.67532
27.00	4.45161
27.33	6.00000
27.67	4.48052
28.00	4.51613
28.33	5.16129
28.67	4.48052
29.00	5.80645
29.33	4.45161
29.67	5.64935
30.00	4.90323
30.33	3.29032
30.67	4.15584
31.00	4.45161
31.33	3.80645
31.67	4.61039
32.00	3.16129
32.33	3.54839
32.67	3.76623
33.00	4.25806
33.33	2.83871
33.67	3.70130
34.00	3.03226
34.33	2.77419
34.67	3.31169
35.00	2.64516
35.33	3.74194
35.67	3.11688
36.00	2.70968
36.33	2.51613
36.67	3.63636
37.00	3.29032
37.33	2.96774
37.67	3.57143
38.00	2.90323
38.33	2.45161
38.67	2.59740
39.00	1.87097
39.33	2.32258
39.67	2.20779
40.00	2.51613
40.33	1.48387
40.67	2.20779
41.00	2.96774
41.33	2.38710
41.67	2.40260
42.00	2.45161
42.33	1.93548
42.67	1.81818
43.00	1.22581
43.33	2.70968
43.67	1.42857
44.00	1.22581
44.33	2.12903
44.67	1.62338
45.00	1.48387
45.33	1.29032
45.67	1.62338
46.00	2.00000
46.33	1.22581
46.67	1.94805
47.00	1.09677
47.33	1.35484
47.67	2.20779
48.00	1.54839
48.33	1.41935
48.67	1.16883
49.00	2.12903
49.33	0.90323
49.67	1.55844
50.00	1.09677
50.33	1.09677
50.67	1.36364
51.00	1.35484
51.33	0.58065
51.67	0.51948
52.00	0.77419
52.33	0.96774
52.67	0.45455
53.00	0.38710
53.33	0.51613
53.67	0.84416
54.00	1.03226
54.33	0.77419
54.67	0.97403
55.00	0.51613
55.33	0.96774
55.67	0.45455
56.00	0.83871
56.33	1.29032
56.67	0.71429
57.00	0.45161
57.33	0.83871
57.67	0.45455
58.00	1.03226
58.33	0.90323
58.67	0.32468
59.00	0.32258
59.33	0.45161
59.67	0.32468
60.00	0.25806
60.33	0.25806
60.67	1.23377
61.00	0.70968
61.33	0.45161
61.67	0.58442
62.00	0.45161
62.33	0.25806
62.67	0.38961
63.00	0.45161
63.33	0.32258
63.67	0.19481
64.00	0.51613
64.33	0.83871
64.67	0.25974
65.00	0.25806
65.33	0.25806
65.67	0.71429
66.00	0.12903
66.33	0.45161
66.67	0.38961
67.00	0.38710
67.33	0.19355
67.67	0.19481
68.00	0.32258
68.33	0.19355
68.67	0.25974
69.00	0.38710
69.33	0.06452
69.67	0.06494
70.00	0.19355
70.33	0.00000
70.67	0.19481
71.00	0.06452
71.33	0.06452
71.67	0.58442
72.00	0.12903
72.33	0.19355
72.67	0.19481
73.00	0.25806
73.33	0.19355
73.67	0.00000
74.00	0.06452
74.33	0.12903
74.67	0.19481
75.00	0.12903
75.33	0.19355
75.67	0.25974
76.00	0.06452
76.33	0.38710
76.67	0.45455
77.00	0.12903
77.33	0.00000
77.67	0.12987
78.00	0.12903
78.33	0.00000
78.67	0.00000
79.00	0.19355
79.33	0.12903
79.67	0.06494
80.00	0.12903
80.33	0.12903
80.67	0.06494
81.00	0.12903
81.33	0.06452
81.67	0.12987
82.00	0.12903
82.33	0.00000
82.67	0.06494
83.00	0.06452
83.33	0.00000
83.67	0.19481
84.00	0.12903
84.33	0.00000
84.67	0.06494
85.00	0.12903
85.33	0.06452
85.67	0.00000
86.00	0.12903
86.33	0.12903
86.67	0.06494
87.00	0.06452
87.33	0.06452
87.67	0.19481
88.00	0.25806
88.33	0.06452
88.67	0.06494
89.00	0.06452
89.33	0.00000
89.67	0.00000
90.00	0.38710
90.33	0.06452
90.67	0.00000
91.00	0.00000
91.33	0.06452
91.67	0.00000
92.00	0.00000
92.33	0.00000
92.67	0.00000
93.00	0.00000
93.33	0.00000
93.67	0.12987
94.00	0.06452
94.33	0.12903
94.67	0.12987
95.00	0.00000
95.33	0.00000
95.67	0.00000
96.00	0.06452
96.33	0.00000
96.67	0.06494
97.00	0.00000
97.33	0.06452
97.67	0.00000
98.00	0.06452
98.33	0.00000
98.67	0.06494
99.00	0.06452
99.33	0.00000
99.67	0.12987
100.00	0.00000
100.33	0.00000
100.67	0.00000
101.00	0.00000
101.33	0.00000
101.67	0.00000
102.00	0.06452
102.33	0.06452
102.67	0.00000
103.00	0.00000
103.33	0.00000
103.67	0.06494
104.00	0.06452
104.33	0.06452
104.67	0.00000
105.00	0.00000
105.33	0.00000
105.67	0.19481
106.00	0.00000
106.33	0.06452
106.67	0.06494
107.00	0.00000
107.33	0.00000
107.67	0.00000
108.00	0.00000
108.33	0.00000
108.67	0.00000
109.00	0.12903
109.33	0.00000
109.67	0.00000
110.00	0.06452
110.33	0.06452
110.67	0.00000
111.00	0.00000
111.33	0.00000
111.67	0.06494
112.00	0.00000
112.33	0.00000
112.67	0.00000
113.00	0.00000
113.33	0.00000
113.67	0.00000
114.00	0.00000
114.33	0.00000
114.67	0.00000
115.00	0.00000
115.33	0.00000
115.67	0.00000
116.00	0.00000
116.33	0.00000
116.67	0.00000
117.00	0.00000
117.33	0.06452
117.67	0.00000
118.00	0.00000
118.33	0.00000
118.67	0.00000
119.00	0.00000
119.33	0.00000
119.67	0.00000
120.00	0.00000
120.33	0.00000
120.67	0.51948
121.00	0.00000
121.33	0.00000
121.67	0.00000
122.00	0.00000
122.33	0.00000
122.67	0.00000
123.00	0.00000
123.33	0.00000
123.67	0.00000
124.00	0.00000
124.33	0.00000
124.67	0.00000
125.00	0.00000
125.33	0.00000
125.67	0.00000
126.00	0.00000
126.33	0.00000
126.67	0.00000
127.00	0.12903
127.33	0.00000
127.67	0.00000
128.00	0.00000
128.33	0.00000
128.67	0.00000
129.00	0.00000
129.33	0.00000
129.67	0.00000
130.00	0.00000
130.33	0.00000
130.67	0.00000
131.00	0.00000
131.33	0.00000
131.67	0.06494
132.00	0.00000
132.33	0.00000
132.67	0.00000
133.00	0.00000
133.33	0.00000
133.67	0.00000
134.00	0.00000
134.33	0.00000
134.67	0.00000
135.00	0.00000
135.33	0.00000
135.67	0.00000
136.00	0.00000
136.33	0.00000
136.67	0.00000
137.00	0.00000
137.33	0.00000
137.67	0.00000
138.00	0.00000
138.33	0.00000
138.67	0.00000
139.00	0.00000
139.33	0.00000
139.67	0.00000
140.00	0.00000
140.33	0.00000
140.67	0.00000
141.00	0.00000
141.33	0.00000
141.67	0.00000
142.00	0.00000
142.33	0.00000
142.67	0.00000
143.00	0.00000
143.33	0.00000
143.67	0.00000
144.00	0.00000
144.33	0.00000
144.67	0.00000
145.00	0.00000
145.33	0.00000
145.67	0.00000
146.00	0.00000
146.33	0.00000
146.67	0.00000
147.00	0.00000
147.33	0.00000
147.67	0.00000
148.00	0.00000
148.33	0.00000
148.67	0.00000
149.00	0.00000
149.33	0.00000
149.67	0.00000
150.00	0.00000
150.33	0.00000
150.67	0.00000
151.00	0.06452
151.33	0.00000
151.67	0.00000
152.00	0.00000
152.33	0.00000
152.67	0.06494
153.00	0.00000
153.33	0.00000
153.67	0.00000
154.00	0.00000
154.33	0.00000
154.67	0.00000
155.00	0.00000
155.33	0.00000
155.67	0.00000
156.00	0.00000
156.33	0.00000
156.67	0.00000
157.00	0.00000
157.33	0.00000
157.67	0.00000
158.00	0.00000
158.33	0.00000
158.67	0.00000
159.00	0.00000
159.33	0.00000
159.67	0.00000
160.00	0.00000
160.33	0.00000
160.67	0.00000
161.00	0.00000
161.33	0.00000
161.67	0.00000
162.00	0.00000
162.33	0.00000
162.67	0.00000
163.00	0.00000
163.33	0.00000
163.67	0.00000
164.00	0.00000
164.33	0.00000
164.67	0.00000
165.00	0.00000
165.33	0.00000
165.67	0.00000
166.00	0.06452
166.33	0.00000
166.67	0.00000
167.00	0.00000
167.33	0.00000
167.67	0.00000
168.00	0.00000
168.33	0.00000
168.67	0.00000
169.00	0.00000
169.33	0.00000
169.67	0.00000
170.00	0.00000
170.33	0.00000
170.67	0.00000
171.00	0.00000
171.33	0.00000
171.67	0.00000
172.00	0.00000
172.33	0.00000
172.67	0.00000
173.00	0.00000
173.33	0.00000
173.67	0.06494
174.00	0.00000
174.33	0.00000
174.67	0.00000
175.00	0.00000
175.33	0.00000
175.67	0.00000
176.00	0.00000
176.33	0.00000
176.67	0.00000
177.00	0.00000
177.33	0.00000
177.67	0.00000
178.00	0.00000
178.33	0.00000
178.67	0.00000
179.00	0.00000
179.33	0.00000
179.67	0.00000
180.00	0.00000
180.33	0.00000
180.67	0.00000
181.00	0.00000
181.33	0.00000
181.67	0.00000
182.00	0.00000
182.33	0.00000
182.67	0.00000
183.00	0.00000
183.33	0.00000
183.67	0.00000
184.00	0.00000
184.33	0.00000
184.67	0.00000
185.00	0.00000
185.33	0.00000
185.67	0.00000
186.00	0.00000
186.33	0.00000
186.67	0.00000
187.00	0.00000
187.33	0.00000
187.67	0.00000
188.00	0.00000
188.33	0.00000
188.67	0.00000
189.00	0.00000
189.33	0.00000
189.67	0.00000
190.00	0.00000
190.33	0.00000
190.67	0.00000
191.00	0.00000
191.33	0.00000
191.67	0.00000
192.00	0.00000
192.33	0.00000
192.67	0.00000
193.00	0.00000
193.33	0.00000
193.67	0.00000
194.00	0.00000
194.33	0.00000
194.67	0.00000
195.00	0.00000
195.33	0.00000
195.67	0.00000
196.00	0.00000
196.33	0.00000
196.67	0.00000
197.00	0.00000
197.33	0.00000
197.67	0.00000
198.00	0.00000
198.33	0.00000
198.67	0.00000
199.00	0.00000
199.33	0.00000
199.67	0.00000
