0.00	68.51613
0.17	61.93548
0.33	48.70968
0.50	45.03226
0.67	41.87096
0.83	37.38562
1.00	30.38710
1.17	28.96774
1.33	27.87097
1.50	27.22581
1.67	25.09678
1.83	24.96732
2.00	22.90322
2.17	19.35484
2.33	21.22581
2.50	23.16129
2.67	20.38710
2.83	19.15033
3.00	20.58064
3.17	20.90322
3.33	16.96774
3.50	14.32258
3.67	16.64516
3.83	15.75163
4.00	13.80645
4.17	14.70968
4.33	13.22581
4.50	14.51613
4.67	16.19355
4.83	13.46405
5.00	16.45161
5.17	13.03226
5.33	14.64516
5.50	13.16129
5.67	13.09677
5.83	12.48366
6.00	12.64516
6.17	14.77419
6.33	10.96774
6.50	11.87097
6.67	11.41935
6.83	10.98039
7.00	10.38710
7.17	9.61290
7.33	10.45161
7.50	11.54839
7.67	11.74193
7.83	10.19608
8.00	9.87097
8.17	10.12903
8.33	8.90323
8.50	8.96774
8.67	9.16129
8.83	9.41177
9.00	9.87097
9.17	9.03226
9.33	8.19355
9.50	9.29032
9.67	7.87097
9.83	8.56209
10.00	8.06452
10.17	8.51613
10.33	7.41935
10.50	8.06452
10.67	7.67742
10.83	7.12418
11.00	7.48387
11.17	7.09677
11.33	7.29032
11.50	6.06452
11.67	7.48387
11.83	6.92810
12.00	6.77419
12.17	6.06452
12.33	6.38710
12.50	6.58064
12.67	7.29032
12.83	6.79739
13.00	6.12903
13.17	6.64516
13.33	6.45161
13.50	6.64516
13.67	6.77419
13.83	5.81699
14.00	6.19355
14.17	5.54839
14.33	4.38710
14.50	6.38710
14.67	5.48387
14.83	5.81699
15.00	5.16129
15.17	5.41935
15.33	6.77419
15.50	5.22581
15.67	4.19355
15.83	5.22876
16.00	5.16129
16.17	5.48387
16.33	4.96774
16.50	5.74194
16.67	5.22581
16.83	4.37909
17.00	4.96774
17.17	4.77419
17.33	3.61290
17.50	5.74194
17.67	4.25806
17.83	4.44444
18.00	5.16129
18.17	3.61290
18.33	3.61290
18.50	4.58065
18.67	5.16129
18.83	3.39869
19.00	3.67742
19.17	4.51613
19.33	3.74194
19.50	5.03226
19.67	4.06452
19.83	3.85621
20.00	3.48387
20.17	3.74194
20.33	3.35484
20.50	4.32258
20.67	4.51613
20.83	3.92157
21.00	3.35484
21.17	3.67742
21.33	2.51613
21.50	3.41935
21.67	3.29032
21.83	4.64052
22.00	3.41935
22.17	3.35484
22.33	2.83871
22.50	3.41935
22.67	3.29032
22.83	3.00654
23.00	3.03226
23.17	3.87097
23.33	2.51613
23.50	2.00000
23.67	2.51613
23.83	2.87582
24.00	2.70968
24.17	2.96774
24.33	2.38710
24.50	2.51613
24.67	3.54839
24.83	2.61438
25.00	3.29032
25.17	2.38710
25.33	2.32258
25.50	3.22581
25.67	1.93548
25.83	2.41830
26.00	3.29032
26.17	1.93548
26.33	2.51613
26.50	2.25806
26.67	2.45161
26.83	2.35294
27.00	2.64516
27.17	2.19355
27.33	2.25806
27.50	1.93548
27.67	1.87097
27.83	2.35294
28.00	2.25806
28.17	2.51613
28.33	2.45161
28.50	3.22581
28.67	2.25806
28.83	2.22222
29.00	1.93548
29.17	2.12903
29.33	1.87097
29.50	2.00000
29.67	1.87097
29.83	1.56863
30.00	2.25806
30.17	1.74194
30.33	2.51613
30.50	1.03226
30.67	1.93548
30.83	1.63399
31.00	1.93548
31.17	1.48387
31.33	1.54839
31.50	1.41935
31.67	1.80645
31.83	1.37255
32.00	1.87097
32.17	2.12903
32.33	2.25806
32.50	1.48387
32.67	1.87097
32.83	1.83007
33.00	1.67742
33.17	1.61290
33.33	1.41935
33.50	1.22581
33.67	1.54839
33.83	1.17647
34.00	1.09677
34.17	1.54839
34.33	1.48387
34.50	1.35484
34.67	1.29032
34.83	1.56863
35.00	0.96774
35.17	1.41935
35.33	1.80645
35.50	1.22581
35.67	2.32258
35.83	1.37255
36.00	1.16129
36.17	1.48387
36.33	1.54839
36.50	1.16129
36.67	1.03226
36.83	1.69935
37.00	1.35484
37.17	1.22581
37.33	2.00000
37.50	1.03226
37.67	1.03226
37.83	1.24183
38.00	1.80645
38.17	0.96774
38.33	1.29032
38.50	1.29032
38.67	1.22581
38.83	0.84967
39.00	1.48387
39.17	1.03226
39.33	0.83871
39.50	1.41935
39.67	1.22581
39.83	1.24183
40.00	0.83871
40.17	0.58065
40.33	1.03226
40.50	0.58065
40.67	0.70968
40.83	0.78431
41.00	1.03226
41.17	0.83871
41.33	1.48387
41.50	1.09677
41.67	1.03226
41.83	0.84967
42.00	1.16129
42.17	0.51613
42.33	0.77419
42.50	0.77419
42.67	1.09677
42.83	1.11111
43.00	0.58065
43.17	0.96774
43.33	0.90323
43.50	1.03226
43.67	0.77419
43.83	1.17647
44.00	0.58065
44.17	1.22581
44.33	0.90323
44.50	1.29032
44.67	0.83871
44.83	0.58824
45.00	0.90323
45.17	0.90323
45.33	0.70968
45.50	1.35484
45.67	0.90323
45.83	0.45752
46.00	0.70968
46.17	1.09677
46.33	0.83871
46.50	1.35484
46.67	0.25806
46.83	0.78431
47.00	0.45161
47.17	0.45161
47.33	0.51613
47.50	0.70968
47.67	0.45161
47.83	0.52288
48.00	0.51613
48.17	0.45161
48.33	0.96774
48.50	1.22581
48.67	0.38710
48.83	1.30719
49.00	0.38710
49.17	1.03226
49.33	0.32258
49.50	0.32258
49.67	0.25806
49.83	0.32680
50.00	0.38710
50.17	0.25806
50.33	0.51613
50.50	0.51613
50.67	0.77419
50.83	0.65359
51.00	0.25806
51.17	0.45161
51.33	0.25806
51.50	0.38710
51.67	0.58065
51.83	0.45752
52.00	0.32258
52.17	0.51613
52.33	0.32258
52.50	0.83871
52.67	0.64516
52.83	0.52288
53.00	0.51613
53.17	0.38710
53.33	0.51613
53.50	0.25806
53.67	0.12903
53.83	0.32680
54.00	0.38710
54.17	0.25806
54.33	0.38710
54.50	0.38710
54.67	0.58065
54.83	0.45752
55.00	0.19355
55.17	0.25806
55.33	0.19355
55.50	0.45161
55.67	0.32258
55.83	0.26144
56.00	0.38710
56.17	0.32258
56.33	0.64516
56.50	0.45161
56.67	0.83871
56.83	0.45752
57.00	0.32258
57.17	0.12903
57.33	0.45161
57.50	0.25806
57.67	0.32258
57.83	0.52288
58.00	0.45161
58.17	0.51613
58.33	0.19355
58.50	0.83871
58.67	0.19355
58.83	0.71895
59.00	0.19355
59.17	0.38710
59.33	0.19355
59.50	0.32258
59.67	0.25806
59.83	0.26144
60.00	0.25806
60.17	0.19355
60.33	0.25806
60.50	1.29032
60.67	0.32258
60.83	0.32680
61.00	0.12903
61.17	0.25806
61.33	0.06452
61.50	0.32258
61.67	0.45161
61.83	0.32680
62.00	0.45161
62.17	0.32258
62.33	0.45161
62.50	0.06452
62.67	0.38710
62.83	0.19608
63.00	0.32258
63.17	0.19355
63.33	0.06452
63.50	0.25806
63.67	0.64516
63.83	0.26144
64.00	0.12903
64.17	0.32258
64.33	0.25806
64.50	0.25806
64.67	0.32258
64.83	0.26144
65.00	0.25806
65.17	0.38710
65.33	0.51613
65.50	0.58065
65.67	0.06452
65.83	0.26144
66.00	0.19355
66.17	0.19355
66.33	0.25806
66.50	0.19355
66.67	0.45161
66.83	0.13072
67.00	0.25806
67.17	0.25806
67.33	0.45161
67.50	0.19355
67.67	0.00000
67.83	0.26144
68.00	0.19355
68.17	0.00000
68.33	0.12903
68.50	0.32258
68.67	0.25806
68.83	0.13072
69.00	0.19355
69.17	0.19355
69.33	0.19355
69.50	0.25806
69.67	0.00000
69.83	0.84967
70.00	0.19355
70.17	0.32258
70.33	0.19355
70.50	0.19355
70.67	0.19355
70.83	0.19608
71.00	0.06452
71.17	0.19355
71.33	0.25806
71.50	0.25806
71.67	0.32258
71.83	0.39216
72.00	0.12903
72.17	0.83871
72.33	0.45161
72.50	0.19355
72.67	0.19355
72.83	0.13072
73.00	0.12903
73.17	0.06452
73.33	0.25806
73.50	0.06452
73.67	0.19355
73.83	0.13072
74.00	0.38710
74.17	0.00000
74.33	0.32258
74.50	0.19355
74.67	0.12903
74.83	0.13072
75.00	0.06452
75.17	0.19355
75.33	0.06452
75.50	0.06452
75.67	0.32258
75.83	0.06536
76.00	0.00000
76.17	0.12903
76.33	0.06452
76.50	0.19355
76.67	0.19355
76.83	0.00000
77.00	0.00000
77.17	0.06452
77.33	0.00000
77.50	0.38710
77.67	0.19355
77.83	0.32680
78.00	0.19355
78.17	0.12903
78.33	0.12903
78.50	0.19355
78.67	0.25806
78.83	0.26144
79.00	0.19355
79.17	0.25806
79.33	0.12903
79.50	0.64516
79.67	0.12903
79.83	0.06536
80.00	0.25806
80.17	0.19355
80.33	0.00000
80.50	0.06452
80.67	0.25806
80.83	0.13072
81.00	0.00000
81.17	0.06452
81.33	0.25806
81.50	0.12903
81.67	0.00000
81.83	0.00000
82.00	0.06452
82.17	0.12903
82.33	0.06452
82.50	0.12903
82.67	0.19355
82.83	0.13072
83.00	0.25806
83.17	0.06452
83.33	0.00000
83.50	0.06452
83.67	0.19355
83.83	0.00000
84.00	0.12903
84.17	0.06452
84.33	0.06452
84.50	0.06452
84.67	0.00000
84.83	0.19608
85.00	0.19355
85.17	0.06452
85.33	0.00000
85.50	0.00000
85.67	0.12903
85.83	0.26144
86.00	0.00000
86.17	0.12903
86.33	0.06452
86.50	0.19355
86.67	0.00000
86.83	0.00000
87.00	0.00000
87.17	0.12903
87.33	0.06452
87.50	0.00000
87.67	0.19355
87.83	0.06536
88.00	0.00000
88.17	0.00000
88.33	0.45161
88.50	0.06452
88.67	0.19355
88.83	0.06536
89.00	0.32258
89.17	0.06452
89.33	0.06452
89.50	0.00000
89.67	0.06452
89.83	0.00000
90.00	0.06452
90.17	0.12903
90.33	0.06452
90.50	0.00000
90.67	0.06452
90.83	0.19608
91.00	0.19355
91.17	0.19355
91.33	0.00000
91.50	0.12903
91.67	0.00000
91.83	0.06536
92.00	0.19355
92.17	0.06452
92.33	0.12903
92.50	0.19355
92.67	0.12903
92.83	0.06536
93.00	0.12903
93.17	0.06452
93.33	0.00000
93.50	0.06452
93.67	0.12903
93.83	0.00000
94.00	0.06452
94.17	0.00000
94.33	0.12903
94.50	0.06452
94.67	0.19355
94.83	0.13072
95.00	0.06452
95.17	0.00000
95.33	0.00000
95.50	0.00000
95.67	0.00000
95.83	0.00000
96.00	0.00000
96.17	0.00000
96.33	0.06452
96.50	0.06452
96.67	0.06452
96.83	0.06536
97.00	0.12903
97.17	0.06452
97.33	0.00000
97.50	0.19355
97.67	0.12903
97.83	0.00000
98.00	0.00000
98.17	0.12903
98.33	0.06452
98.50	0.06452
98.67	0.12903
98.83	0.06536
99.00	0.06452
99.17	0.06452
99.33	0.12903
99.50	0.06452
99.67	0.12903
99.83	0.00000
100.00	0.00000
100.17	0.00000
100.33	0.06452
100.50	0.00000
100.67	0.00000
100.83	0.00000
101.00	0.06452
101.17	0.00000
101.33	0.00000
101.50	0.06452
101.67	0.00000
101.83	0.00000
102.00	0.12903
102.17	0.06452
102.33	0.00000
102.50	0.00000
102.67	0.06452
102.83	0.00000
103.00	0.00000
103.17	0.00000
103.33	0.00000
103.50	0.00000
103.67	0.06452
103.83	0.06536
104.00	0.06452
104.17	0.00000
104.33	0.12903
104.50	0.00000
104.67	0.00000
104.83	0.00000
105.00	0.00000
105.17	0.00000
105.33	0.06452
105.50	0.06452
105.67	0.00000
105.83	0.00000
106.00	0.00000
106.17	0.00000
106.33	0.00000
106.50	0.00000
106.67	0.00000
106.83	0.13072
107.00	0.00000
107.17	0.00000
107.33	0.00000
107.50	0.00000
107.67	0.06452
107.83	0.00000
108.00	0.00000
108.17	0.00000
108.33	0.00000
108.50	0.19355
108.67	0.00000
108.83	0.00000
109.00	0.00000
109.17	0.00000
109.33	0.06452
109.50	0.00000
109.67	0.00000
109.83	0.00000
110.00	0.12903
110.17	0.06452
110.33	0.06452
110.50	0.00000
110.67	0.00000
110.83	0.00000
111.00	0.06452
111.17	0.00000
111.33	0.00000
111.50	0.00000
111.67	0.19355
111.83	0.00000
112.00	0.06452
112.17	0.00000
112.33	0.00000
112.50	0.06452
112.67	0.00000
112.83	0.06536
113.00	0.19355
113.17	0.00000
113.33	0.00000
113.50	0.06452
113.67	0.06452
113.83	0.00000
114.00	0.00000
114.17	0.06452
114.33	0.06452
114.50	0.00000
114.67	0.00000
114.83	0.00000
115.00	0.12903
115.17	0.12903
115.33	0.00000
115.50	0.00000
115.67	0.00000
115.83	0.26144
116.00	0.00000
116.17	0.00000
116.33	0.00000
116.50	0.00000
116.67	0.00000
116.83	0.00000
117.00	0.00000
117.17	0.06452
117.33	0.00000
117.50	0.00000
117.67	0.00000
117.83	0.00000
118.00	0.00000
118.17	0.06452
118.33	0.00000
118.50	0.06452
118.67	0.00000
118.83	0.00000
119.00	0.00000
119.17	0.00000
119.33	0.00000
119.50	0.12903
119.67	0.06452
119.83	0.00000
120.00	0.00000
120.17	0.06452
120.33	0.00000
120.50	0.06452
120.67	0.00000
120.83	0.06536
121.00	0.12903
121.17	0.00000
121.33	0.00000
121.50	0.00000
121.67	0.06452
121.83	0.06536
122.00	0.00000
122.17	0.00000
122.33	0.12903
122.50	0.06452
122.67	0.00000
122.83	0.06536
123.00	0.00000
123.17	0.06452
123.33	0.00000
123.50	0.06452
123.67	0.00000
123.83	0.06536
124.00	0.06452
124.17	0.00000
124.33	0.00000
124.50	0.00000
124.67	0.00000
124.83	0.00000
125.00	0.00000
125.17	0.00000
125.33	0.00000
125.50	0.00000
125.67	0.00000
125.83	0.00000
126.00	0.00000
126.17	0.06452
126.33	0.00000
126.50	0.00000
126.67	0.06452
126.83	0.00000
127.00	0.00000
127.17	0.00000
127.33	0.06452
127.50	0.00000
127.67	0.00000
127.83	0.13072
128.00	0.00000
128.17	0.00000
128.33	0.00000
128.50	0.00000
128.67	0.00000
128.83	0.06536
129.00	0.00000
129.17	0.00000
129.33	0.00000
129.50	0.00000
129.67	0.06452
129.83	0.00000
130.00	0.00000
130.17	0.00000
130.33	0.00000
130.50	0.00000
130.67	0.00000
130.83	0.06536
131.00	0.00000
131.17	0.00000
131.33	0.00000
131.50	0.00000
131.67	0.00000
131.83	0.06536
132.00	0.00000
132.17	0.06452
132.33	0.00000
132.50	0.00000
132.67	0.12903
132.83	0.13072
133.00	0.00000
133.17	0.00000
133.33	0.00000
133.50	0.00000
133.67	0.06452
133.83	0.13072
134.00	0.00000
134.17	0.00000
134.33	0.00000
134.50	0.19355
134.67	0.00000
134.83	0.06536
135.00	0.06452
135.17	0.06452
135.33	0.12903
135.50	0.00000
135.67	0.06452
135.83	0.00000
136.00	0.00000
136.17	0.00000
136.33	0.00000
136.50	0.00000
136.67	0.00000
136.83	0.00000
137.00	0.00000
137.17	0.00000
137.33	0.06452
137.50	0.00000
137.67	0.06452
137.83	0.00000
138.00	0.06452
138.17	0.00000
138.33	0.00000
138.50	0.00000
138.67	0.00000
138.83	0.06536
139.00	0.06452
139.17	0.00000
139.33	0.06452
139.50	0.00000
139.67	0.00000
139.83	0.13072
140.00	0.00000
140.17	0.12903
140.33	0.00000
140.50	0.06452
140.67	0.06452
140.83	0.00000
141.00	0.00000
141.17	0.00000
141.33	0.00000
141.50	0.00000
141.67	0.00000
141.83	0.06536
142.00	0.00000
142.17	0.00000
142.33	0.00000
142.50	0.00000
142.67	0.12903
142.83	0.00000
143.00	0.06452
143.17	0.00000
143.33	0.12903
143.50	0.06452
143.67	0.00000
143.83	0.00000
144.00	0.06452
144.17	0.00000
144.33	0.00000
144.50	0.06452
144.67	0.00000
144.83	0.06536
145.00	0.00000
145.17	0.06452
145.33	0.00000
145.50	0.00000
145.67	0.00000
145.83	0.00000
146.00	0.00000
146.17	0.00000
146.33	0.06452
146.50	0.06452
146.67	0.00000
146.83	0.19608
147.00	0.00000
147.17	0.00000
147.33	0.06452
147.50	0.00000
147.67	0.45161
147.83	0.06536
148.00	0.00000
148.17	0.00000
148.33	0.00000
148.50	0.00000
148.67	0.06452
148.83	0.00000
149.00	0.00000
149.17	0.06452
149.33	0.00000
149.50	0.00000
149.67	0.00000
149.83	0.00000
150.00	0.00000
150.17	0.00000
150.33	0.00000
150.50	0.00000
150.67	0.00000
150.83	0.00000
151.00	0.00000
151.17	0.00000
151.33	0.00000
151.50	0.00000
151.67	0.00000
151.83	0.00000
152.00	0.06452
152.17	0.00000
152.33	0.00000
152.50	0.00000
152.67	0.00000
152.83	0.00000
153.00	0.00000
153.17	0.00000
153.33	0.00000
153.50	0.00000
153.67	0.00000
153.83	0.06536
154.00	0.00000
154.17	0.00000
154.33	0.00000
154.50	0.00000
154.67	0.00000
154.83	0.00000
155.00	0.00000
155.17	0.00000
155.33	0.00000
155.50	0.00000
155.67	0.00000
155.83	0.00000
156.00	0.00000
156.17	0.00000
156.33	0.00000
156.50	0.00000
156.67	0.06452
156.83	0.00000
157.00	0.00000
157.17	0.00000
157.33	0.00000
157.50	0.00000
157.67	0.00000
157.83	0.00000
158.00	0.00000
158.17	0.00000
158.33	0.00000
158.50	0.00000
158.67	0.00000
158.83	0.00000
159.00	0.00000
159.17	0.00000
159.33	0.00000
159.50	0.00000
159.67	0.00000
159.83	0.00000
160.00	0.00000
160.17	0.00000
160.33	0.00000
160.50	0.00000
160.67	0.00000
160.83	0.00000
161.00	0.06452
161.17	0.00000
161.33	0.00000
161.50	0.00000
161.67	0.00000
161.83	0.06536
162.00	0.00000
162.17	0.00000
162.33	0.00000
162.50	0.00000
162.67	0.00000
162.83	0.06536
163.00	0.00000
163.17	0.00000
163.33	0.00000
163.50	0.00000
163.67	0.00000
163.83	0.06536
164.00	0.00000
164.17	0.06452
164.33	0.00000
164.50	0.00000
164.67	0.00000
164.83	0.00000
165.00	0.00000
165.17	0.00000
165.33	0.00000
165.50	0.00000
165.67	0.19355
165.83	0.06536
166.00	0.12903
166.17	0.00000
166.33	0.00000
166.50	0.00000
166.67	0.12903
166.83	0.00000
167.00	0.06452
167.17	0.00000
167.33	0.00000
167.50	0.12903
167.67	0.00000
167.83	0.00000
168.00	0.00000
168.17	0.06452
168.33	0.06452
168.50	0.00000
168.67	0.06452
168.83	0.00000
169.00	0.00000
169.17	0.00000
169.33	0.12903
169.50	0.12903
169.67	0.06452
169.83	0.13072
170.00	0.19355
170.17	0.00000
170.33	0.00000
170.50	0.00000
170.67	0.06452
170.83	0.19608
171.00	0.00000
171.17	0.00000
171.33	0.06452
171.50	0.00000
171.67	0.19355
171.83	0.00000
172.00	0.00000
172.17	0.00000
172.33	0.06452
172.50	0.06452
172.67	0.00000
172.83	0.13072
173.00	0.06452
173.17	0.00000
173.33	0.12903
173.50	0.12903
173.67	0.06452
173.83	0.00000
174.00	0.00000
174.17	0.06452
174.33	0.00000
174.50	0.06452
174.67	0.00000
174.83	0.13072
175.00	0.00000
175.17	0.00000
175.33	0.12903
175.50	0.12903
175.67	0.06452
175.83	0.00000
176.00	0.00000
176.17	0.00000
176.33	0.00000
176.50	0.00000
176.67	0.00000
176.83	0.06536
177.00	0.00000
177.17	0.00000
177.33	0.06452
177.50	0.06452
177.67	0.00000
177.83	0.00000
178.00	0.06452
178.17	0.00000
178.33	0.00000
178.50	0.12903
178.67	0.00000
178.83	0.00000
179.00	0.00000
179.17	0.00000
179.33	0.00000
179.50	0.00000
179.67	0.06452
179.83	0.00000
180.00	0.00000
180.17	0.00000
180.33	0.00000
180.50	0.00000
180.67	0.00000
180.83	0.00000
181.00	0.00000
181.17	0.00000
181.33	0.00000
181.50	0.00000
181.67	0.00000
181.83	0.00000
182.00	0.00000
182.17	0.00000
182.33	0.00000
182.50	0.00000
182.67	0.00000
182.83	0.06536
183.00	0.00000
183.17	0.00000
183.33	0.00000
183.50	0.00000
183.67	0.00000
183.83	0.06536
184.00	0.00000
184.17	0.00000
184.33	0.19355
184.50	0.00000
184.67	0.00000
184.83	0.00000
185.00	0.00000
185.17	0.00000
185.33	0.00000
185.50	0.00000
185.67	0.00000
185.83	0.00000
186.00	0.00000
186.17	0.00000
186.33	0.00000
186.50	0.00000
186.67	0.00000
186.83	0.06536
187.00	0.00000
187.17	0.00000
187.33	0.00000
187.50	0.00000
187.67	0.00000
187.83	0.06536
188.00	0.06452
188.17	0.06452
188.33	0.00000
188.50	0.00000
188.67	0.00000
188.83	0.00000
189.00	0.00000
189.17	0.00000
189.33	0.00000
189.50	0.06452
189.67	0.00000
189.83	0.00000
190.00	0.00000
190.17	0.00000
190.33	0.00000
190.50	0.00000
190.67	0.00000
190.83	0.06536
191.00	0.00000
191.17	0.00000
191.33	0.00000
191.50	0.00000
191.67	0.00000
191.83	0.00000
192.00	0.00000
192.17	0.00000
192.33	0.00000
192.50	0.00000
192.67	0.00000
192.83	0.00000
193.00	0.00000
193.17	0.00000
193.33	0.06452
193.50	0.00000
193.67	0.00000
193.83	0.06536
194.00	0.00000
194.17	0.00000
194.33	0.00000
194.50	0.00000
194.67	0.00000
194.83	0.06536
195.00	0.00000
195.17	0.00000
195.33	0.00000
195.50	0.00000
195.67	0.00000
195.83	0.00000
196.00	0.00000
196.17	0.00000
196.33	0.00000
196.50	0.00000
196.67	0.00000
196.83	0.00000
197.00	0.12903
197.17	0.00000
197.33	0.00000
197.50	0.00000
197.67	0.00000
197.83	0.00000
198.00	0.06452
198.17	0.00000
198.33	0.00000
198.50	0.06452
198.67	0.00000
198.83	0.00000
199.00	0.00000
199.17	0.00000
199.33	0.00000
199.50	0.00000
199.67	0.00000
199.83	0.06536
