0.00	2.57802
0.33	2.24130
0.67	2.10178
1.00	2.02083
1.33	1.96392
1.67	1.91857
2.00	1.82667
2.33	1.78928
2.67	1.75542
3.00	1.77250
3.33	1.74214
3.67	1.70884
4.00	1.63721
4.33	1.68732
4.67	1.59818
5.00	1.57976
5.33	1.66290
5.67	1.56787
6.00	1.54319
6.33	1.52659
6.67	1.54907
7.00	1.58144
7.33	1.53174
7.67	1.44056
8.00	1.45150
8.33	1.45654
8.67	1.44583
9.00	1.40601
9.33	1.41402
9.67	1.44225
10.00	1.36946
10.33	1.36721
10.67	1.36426
11.00	1.30586
11.33	1.28183
11.67	1.33857
12.00	1.24949
12.33	1.26835
12.67	1.26371
13.00	1.21397
13.33	1.20464
13.67	1.16969
14.00	1.15608
14.33	1.16740
14.67	1.16355
15.00	1.12595
15.33	1.12585
15.67	1.13606
16.00	1.09483
16.33	1.10773
16.67	1.10362
17.00	1.06424
17.33	1.04809
17.67	1.02481
18.00	0.96303
18.33	0.99845
18.67	0.97784
19.00	0.95020
19.33	0.93113
19.67	0.94310
20.00	0.92337
20.33	0.87778
20.67	0.94993
21.00	0.86999
21.33	0.87643
21.67	0.85260
22.00	0.79079
22.33	0.79999
22.67	0.83435
23.00	0.80465
23.33	0.76914
23.67	0.83082
24.00	0.76742
24.33	0.77178
24.67	0.73977
25.00	0.74201
25.33	0.75189
25.67	0.71489
26.00	0.70606
26.33	0.66649
26.67	0.69017
27.00	0.66404
27.33	0.63220
27.67	0.63971
28.00	0.63535
28.33	0.63888
28.67	0.63573
29.00	0.61127
29.33	0.60505
29.67	0.58670
30.00	0.59155
30.33	0.55162
30.67	0.58111
31.00	0.57001
31.33	0.55263
31.67	0.56823
32.00	0.55628
32.33	0.53750
32.67	0.51560
33.00	0.51414
33.33	0.53642
33.67	0.51827
34.00	0.49405
34.33	0.47961
34.67	0.46778
35.00	0.48913
35.33	0.45730
35.67	0.40962
36.00	0.46545
36.33	0.46757
36.67	0.46974
37.00	0.42869
37.33	0.42230
37.67	0.43524
38.00	0.43870
38.33	0.41925
38.67	0.40593
39.00	0.40847
39.33	0.41552
39.67	0.39432
40.00	0.39872
40.33	0.39143
40.67	0.38360
41.00	0.35420
41.33	0.38066
41.67	0.35025
42.00	0.37215
42.33	0.39270
42.67	0.36034
43.00	0.35396
43.33	0.35738
43.67	0.35451
44.00	0.33853
44.33	0.31850
44.67	0.33127
45.00	0.33367
45.33	0.33688
45.67	0.30829
46.00	0.30951
46.33	0.30829
46.67	0.31406
47.00	0.28612
47.33	0.30356
47.67	0.30910
48.00	0.29967
48.33	0.29192
48.67	0.30693
49.00	0.29757
49.33	0.26465
49.67	0.27376
50.00	0.30185
50.33	0.27351
50.67	0.27690
51.00	0.27494
51.33	0.26142
51.67	0.27510
52.00	0.25488
52.33	0.25253
52.67	0.24908
53.00	0.25361
53.33	0.25364
53.67	0.23810
54.00	0.22788
54.33	0.24729
54.67	0.27053
55.00	0.23215
55.33	0.23391
55.67	0.23267
56.00	0.25201
56.33	0.22756
56.67	0.21469
57.00	0.23269
57.33	0.22435
57.67	0.23437
58.00	0.20612
58.33	0.22156
58.67	0.25882
59.00	0.20399
59.33	0.19638
59.67	0.21950
60.00	0.20795
60.33	0.21170
60.67	0.20320
61.00	0.22371
61.33	0.20989
61.67	0.20249
62.00	0.21544
62.33	0.19933
62.67	0.20023
63.00	0.21808
63.33	0.20354
63.67	0.19391
64.00	0.19560
64.33	0.18818
64.67	0.19364
65.00	0.19793
65.33	0.18451
65.67	0.18429
66.00	0.19408
66.33	0.19713
66.67	0.18736
67.00	0.19446
67.33	0.19359
67.67	0.17472
68.00	0.16714
68.33	0.15322
68.67	0.16739
69.00	0.17025
69.33	0.16953
69.67	0.16731
70.00	0.15222
70.33	0.18541
70.67	0.17128
71.00	0.15867
71.33	0.15828
71.67	0.15032
72.00	0.15243
72.33	0.15131
72.67	0.15947
73.00	0.15980
73.33	0.14377
73.67	0.15433
74.00	0.16224
74.33	0.15637
74.67	0.14670
75.00	0.17053
75.33	0.13444
75.67	0.16327
76.00	0.14686
76.33	0.14481
76.67	0.15090
77.00	0.14217
77.33	0.13603
77.67	0.13030
78.00	0.13012
78.33	0.14936
78.67	0.12835
79.00	0.14394
79.33	0.13445
79.67	0.12827
80.00	0.13997
80.33	0.13664
80.67	0.14124
81.00	0.13321
81.33	0.12181
81.67	0.13088
82.00	0.13392
82.33	0.12908
82.67	0.12968
83.00	0.12569
83.33	0.12084
83.67	0.12534
84.00	0.13421
84.33	0.11736
84.67	0.12322
85.00	0.12758
85.33	0.12298
85.67	0.11306
86.00	0.12138
86.33	0.13043
86.67	0.12322
87.00	0.11147
87.33	0.10685
87.67	0.12894
88.00	0.11825
88.33	0.11708
88.67	0.11695
89.00	0.12385
89.33	0.12114
89.67	0.11591
90.00	0.10776
90.33	0.11701
90.67	0.10389
91.00	0.11102
91.33	0.10105
91.67	0.10573
92.00	0.10982
92.33	0.10934
92.67	0.11924
93.00	0.11615
93.33	0.10648
93.67	0.13891
94.00	0.11638
94.33	0.10777
94.67	0.10961
95.00	0.10048
95.33	0.11023
95.67	0.10274
96.00	0.11387
96.33	0.09542
96.67	0.09364
97.00	0.09565
97.33	0.11159
97.67	0.09542
98.00	0.09655
98.33	0.10562
98.67	0.10755
99.00	0.10230
99.33	0.10061
99.67	0.09880
100.00	0.09276
100.33	0.10530
100.67	0.09478
101.00	0.09609
101.33	0.10966
101.67	0.09252
102.00	0.09698
102.33	0.10313
102.67	0.08384
103.00	0.09377
103.33	0.09393
103.67	0.09772
104.00	0.09283
104.33	0.07340
104.67	0.08007
105.00	0.08002
105.33	0.09533
105.67	0.09783
106.00	0.08478
106.33	0.08155
106.67	0.09150
107.00	0.09155
107.33	0.08434
107.67	0.08295
108.00	0.08893
108.33	0.07981
108.67	0.08407
109.00	0.09364
109.33	0.09389
109.67	0.07707
110.00	0.08598
110.33	0.08595
110.67	0.08146
111.00	0.08924
111.33	0.08657
111.67	0.08306
112.00	0.08126
112.33	0.08228
112.67	0.07727
113.00	0.07726
113.33	0.08649
113.67	0.07783
114.00	0.06884
114.33	0.07808
114.67	0.07693
115.00	0.08840
115.33	0.07232
115.67	0.07675
116.00	0.07834
116.33	0.07813
116.67	0.08287
117.00	0.07290
117.33	0.09239
117.67	0.07547
118.00	0.07917
118.33	0.07874
118.67	0.06724
119.00	0.06724
119.33	0.07670
119.67	0.07404
120.00	0.07078
120.33	0.08055
120.67	0.06709
121.00	0.07376
121.33	0.06807
121.67	0.07805
122.00	0.07035
122.33	0.07019
122.67	0.06813
123.00	0.06285
123.33	0.07801
123.67	0.07249
124.00	0.07104
124.33	0.06210
124.67	0.06425
125.00	0.07069
125.33	0.06764
125.67	0.07902
126.00	0.06599
126.33	0.06933
126.67	0.06969
127.00	0.06580
127.33	0.06886
127.67	0.06252
128.00	0.06719
128.33	0.06064
128.67	0.06414
129.00	0.06712
129.33	0.06579
129.67	0.06406
130.00	0.06460
130.33	0.06792
130.67	0.06406
131.00	0.06959
131.33	0.06237
131.67	0.06329
132.00	0.05965
132.33	0.07683
132.67	0.05739
133.00	0.06455
133.33	0.06216
133.67	0.07148
134.00	0.06114
134.33	0.05579
134.67	0.06522
135.00	0.06483
135.33	0.06431
135.67	0.05584
136.00	0.06131
136.33	0.05851
136.67	0.05793
137.00	0.05781
137.33	0.06440
137.67	0.05861
138.00	0.04978
138.33	0.06428
138.67	0.05903
139.00	0.05913
139.33	0.05558
139.67	0.05969
140.00	0.06394
140.33	0.06004
140.67	0.05364
141.00	0.05438
141.33	0.05948
141.67	0.06223
142.00	0.06008
142.33	0.05731
142.67	0.05223
143.00	0.04951
143.33	0.05431
143.67	0.05196
144.00	0.05689
144.33	0.06203
144.67	0.06211
145.00	0.05417
145.33	0.05224
145.67	0.04747
146.00	0.04932
146.33	0.05541
146.67	0.05278
147.00	0.05631
147.33	0.05231
147.67	0.04931
148.00	0.04919
148.33	0.05073
148.67	0.06392
149.00	0.05260
149.33	0.06117
149.67	0.05972
150.00	0.04911
150.33	0.04693
150.67	0.06048
151.00	0.04632
151.33	0.05520
151.67	0.04649
152.00	0.05206
152.33	0.04919
152.67	0.05121
153.00	0.05156
153.33	0.05278
153.67	0.04873
154.00	0.04882
154.33	0.05303
154.67	0.05143
155.00	0.04887
155.33	0.05364
155.67	0.04653
156.00	0.04631
156.33	0.04164
156.67	0.04998
157.00	0.04536
157.33	0.04673
157.67	0.04522
158.00	0.05609
158.33	0.05178
158.67	0.04942
159.00	0.05425
159.33	0.05008
159.67	0.05036
160.00	0.04601
160.33	0.05584
160.67	0.05426
161.00	0.04892
161.33	0.04304
161.67	0.04566
162.00	0.04773
162.33	0.04718
162.67	0.04290
163.00	0.03667
163.33	0.03972
163.67	0.05268
164.00	0.04773
164.33	0.04792
164.67	0.04193
165.00	0.04483
165.33	0.03889
165.67	0.05001
166.00	0.04466
166.33	0.04564
166.67	0.03733
167.00	0.04320
167.33	0.04813
167.67	0.03848
168.00	0.04036
168.33	0.04246
168.67	0.04405
169.00	0.04845
169.33	0.04476
169.67	0.04721
170.00	0.04056
170.33	0.03873
170.67	0.04136
171.00	0.04859
171.33	0.03642
171.67	0.04901
172.00	0.04194
172.33	0.04299
172.67	0.04449
173.00	0.04127
173.33	0.03813
173.67	0.04185
174.00	0.03858
174.33	0.03731
174.67	0.04039
175.00	0.04692
175.33	0.04387
175.67	0.04197
176.00	0.03630
176.33	0.03946
176.67	0.04191
177.00	0.04326
177.33	0.03835
177.67	0.04167
178.00	0.03985
178.33	0.04668
178.67	0.04065
179.00	0.04013
179.33	0.04112
179.67	0.04500
180.00	0.03276
180.33	0.03384
180.67	0.04029
181.00	0.03884
181.33	0.03488
181.67	0.03756
182.00	0.04074
182.33	0.04081
182.67	0.03936
183.00	0.03677
183.33	0.04148
183.67	0.03534
184.00	0.04049
184.33	0.04236
184.67	0.04022
185.00	0.03397
185.33	0.03575
185.67	0.04110
186.00	0.03633
186.33	0.03773
186.67	0.03322
187.00	0.03195
187.33	0.03904
187.67	0.03286
188.00	0.04374
188.33	0.03385
188.67	0.03379
189.00	0.03714
189.33	0.03984
189.67	0.03564
190.00	0.03397
190.33	0.03415
190.67	0.03663
191.00	0.03097
191.33	0.04238
191.67	0.03765
192.00	0.03232
192.33	0.03441
192.67	0.03373
193.00	0.03571
193.33	0.03438
193.67	0.03168
194.00	0.03592
194.33	0.03412
194.67	0.03838
195.00	0.03389
195.33	0.03539
195.67	0.03323
196.00	0.03618
196.33	0.03356
196.67	0.03418
197.00	0.03541
197.33	0.03038
197.67	0.03344
198.00	0.03441
198.33	0.03716
198.67	0.03187
199.00	0.03252
199.33	0.03541
199.67	0.03227
