0.00	71.48387
0.17	59.41936
0.33	45.93548
0.50	42.90322
0.67	38.12903
0.83	36.33987
1.00	31.67742
1.17	30.12903
1.33	27.03226
1.50	26.25806
1.67	23.03226
1.83	25.81699
2.00	21.48387
2.17	22.70968
2.33	19.80645
2.50	20.00000
2.67	21.48387
2.83	21.76471
3.00	18.90322
3.17	17.35484
3.33	18.64516
3.50	20.00000
3.67	16.12903
3.83	18.56209
4.00	13.87097
4.17	14.25806
4.33	13.74194
4.50	14.00000
4.67	17.74194
4.83	13.46405
5.00	15.03226
5.17	12.96774
5.33	15.35484
5.50	13.22581
5.67	12.90322
5.83	12.41830
6.00	13.29032
6.17	13.80645
6.33	13.41936
6.50	13.16129
6.67	14.12903
6.83	10.39216
7.00	11.35484
7.17	12.12903
7.33	11.41935
7.50	11.29032
7.67	12.06452
7.83	9.34641
8.00	9.61290
8.17	11.41935
8.33	10.12903
8.50	10.51613
8.67	9.54839
8.83	9.08497
9.00	8.70968
9.17	9.29032
9.33	9.74193
9.50	10.19355
9.67	7.67742
9.83	10.00000
10.00	7.93548
10.17	8.38710
10.33	8.12903
10.50	8.83871
10.67	8.90323
10.83	7.97386
11.00	9.87097
11.17	6.58064
11.33	8.32258
11.50	6.77419
11.67	7.87097
11.83	6.66667
12.00	7.54839
12.17	5.93548
12.33	7.67742
12.50	6.32258
12.67	8.58065
12.83	6.60131
13.00	5.87097
13.17	6.64516
13.33	7.03226
13.50	6.45161
13.67	6.32258
13.83	6.14379
14.00	6.77419
14.17	5.41935
14.33	5.54839
14.50	6.90323
14.67	6.70968
14.83	6.33987
15.00	5.03226
15.17	7.35484
15.33	6.64516
15.50	6.19355
15.67	4.96774
15.83	4.05229
16.00	4.38710
16.17	6.25806
16.33	5.74194
16.50	6.12903
16.67	5.35484
16.83	4.90196
17.00	4.83871
17.17	4.45161
17.33	5.09677
17.50	5.93548
17.67	4.51613
17.83	6.07843
18.00	5.03226
18.17	4.64516
18.33	4.70968
18.50	4.77419
18.67	4.90323
18.83	4.70588
19.00	3.03226
19.17	4.51613
19.33	4.32258
19.50	4.25806
19.67	4.45161
19.83	3.98693
20.00	4.32258
20.17	3.61290
20.33	3.41935
20.50	4.38710
20.67	3.74194
20.83	4.64052
21.00	3.16129
21.17	4.90323
21.33	3.35484
21.50	3.87097
21.67	4.12903
21.83	4.44444
22.00	3.03226
22.17	3.48387
22.33	3.48387
22.50	3.74194
22.67	3.74194
22.83	3.39869
23.00	3.48387
23.17	3.87097
23.33	3.87097
23.50	3.22581
23.67	3.03226
23.83	2.54902
24.00	3.22581
24.17	2.83871
24.33	3.35484
24.50	3.61290
24.67	3.09677
24.83	2.94118
25.00	2.38710
25.17	2.77419
25.33	3.29032
25.50	2.83871
25.67	2.19355
25.83	3.26797
26.00	2.70968
26.17	2.64516
26.33	3.03226
26.50	3.09677
26.67	1.93548
26.83	3.39869
27.00	2.19355
27.17	3.35484
27.33	2.96774
27.50	2.58065
27.67	2.06452
27.83	2.54902
28.00	2.96774
28.17	2.25806
28.33	2.25806
28.50	2.58065
28.67	2.32258
28.83	3.33333
29.00	2.51613
29.17	2.19355
29.33	1.87097
29.50	2.06452
29.67	1.61290
29.83	2.09150
30.00	2.25806
30.17	1.29032
30.33	2.83871
30.50	1.67742
30.67	2.77419
30.83	1.76471
31.00	2.58065
31.17	1.87097
31.33	1.93548
31.50	2.38710
31.67	2.38710
31.83	1.43791
32.00	1.87097
32.17	1.54839
32.33	1.87097
32.50	1.22581
32.67	2.32258
32.83	2.54902
33.00	2.19355
33.17	2.38710
33.33	1.80645
33.50	1.41935
33.67	1.67742
33.83	1.69935
34.00	1.54839
34.17	1.67742
34.33	1.22581
34.50	1.48387
34.67	1.29032
34.83	1.83007
35.00	1.61290
35.17	1.67742
35.33	2.00000
35.50	0.77419
35.67	1.54839
35.83	1.24183
36.00	1.29032
36.17	1.09677
36.33	0.70968
36.50	1.54839
36.67	1.67742
36.83	1.17647
37.00	0.77419
37.17	0.83871
37.33	1.35484
37.50	0.70968
37.67	1.87097
37.83	1.76471
38.00	1.35484
38.17	1.29032
38.33	0.58065
38.50	0.83871
38.67	1.74194
38.83	1.89542
39.00	1.22581
39.17	1.16129
39.33	1.03226
39.50	1.41935
39.67	1.29032
39.83	1.37255
40.00	1.16129
40.17	0.90323
40.33	1.22581
40.50	1.48387
40.67	0.77419
40.83	1.04575
41.00	1.74194
41.17	0.51613
41.33	1.41935
41.50	0.83871
41.67	0.90323
41.83	1.04575
42.00	0.96774
42.17	0.83871
42.33	0.58065
42.50	1.41935
42.67	0.64516
42.83	0.78431
43.00	0.51613
43.17	0.90323
43.33	1.29032
43.50	0.96774
43.67	0.83871
43.83	1.04575
44.00	0.38710
44.17	1.67742
44.33	0.58065
44.50	0.58065
44.67	0.58065
44.83	1.11111
45.00	0.64516
45.17	1.35484
45.33	0.64516
45.50	1.41935
45.67	0.58065
45.83	0.58824
46.00	0.77419
46.17	0.70968
46.33	0.58065
46.50	0.83871
46.67	0.77419
46.83	0.52288
47.00	0.45161
47.17	0.70968
47.33	0.45161
47.50	0.77419
47.67	0.51613
47.83	0.78431
48.00	0.64516
48.17	0.38710
48.33	0.51613
48.50	0.70968
48.67	0.38710
48.83	1.11111
49.00	0.64516
49.17	0.51613
49.33	0.51613
49.50	1.29032
49.67	0.83871
49.83	0.32680
50.00	0.25806
50.17	0.64516
50.33	0.90323
50.50	1.09677
50.67	0.70968
50.83	0.84967
51.00	0.38710
51.17	0.58065
51.33	0.45161
51.50	0.51613
51.67	0.58065
51.83	0.91503
52.00	0.70968
52.17	0.51613
52.33	0.45161
52.50	0.19355
52.67	0.32258
52.83	0.52288
53.00	0.25806
53.17	0.32258
53.33	0.64516
53.50	0.51613
53.67	0.96774
53.83	0.45752
54.00	0.45161
54.17	0.58065
54.33	0.25806
54.50	0.58065
54.67	0.38710
54.83	0.39216
55.00	0.45161
55.17	0.64516
55.33	0.12903
55.50	0.38710
55.67	0.12903
55.83	0.32680
56.00	0.12903
56.17	0.19355
56.33	0.32258
56.50	0.64516
56.67	0.51613
56.83	0.52288
57.00	0.25806
57.17	0.32258
57.33	0.51613
57.50	0.19355
57.67	0.38710
57.83	0.58824
58.00	0.25806
58.17	0.25806
58.33	0.45161
58.50	0.45161
58.67	0.45161
58.83	0.45752
59.00	0.38710
59.17	0.25806
59.33	0.70968
59.50	0.12903
59.67	0.32258
59.83	0.13072
60.00	0.06452
60.17	0.51613
60.33	0.38710
60.50	0.38710
60.67	0.32258
60.83	0.65359
61.00	0.19355
61.17	0.19355
61.33	0.00000
61.50	0.12903
61.67	0.19355
61.83	0.26144
62.00	0.32258
62.17	0.19355
62.33	0.12903
62.50	0.19355
62.67	0.19355
62.83	0.26144
63.00	0.06452
63.17	0.06452
63.33	0.12903
63.50	0.38710
63.67	0.12903
63.83	0.06536
64.00	0.19355
64.17	0.19355
64.33	0.00000
64.50	0.45161
64.67	0.32258
64.83	0.19608
65.00	0.12903
65.17	0.12903
65.33	0.19355
65.50	0.19355
65.67	0.25806
65.83	0.26144
66.00	0.12903
66.17	0.00000
66.33	0.12903
66.50	0.32258
66.67	0.38710
66.83	0.13072
67.00	0.06452
67.17	0.12903
67.33	0.32258
67.50	0.32258
67.67	0.19355
67.83	0.19608
68.00	0.12903
68.17	0.06452
68.33	0.19355
68.50	0.19355
68.67	0.12903
68.83	0.58824
69.00	0.06452
69.17	0.25806
69.33	0.45161
69.50	0.38710
69.67	0.25806
69.83	0.06536
70.00	0.00000
70.17	0.19355
70.33	0.06452
70.50	0.12903
70.67	0.25806
70.83	0.32680
71.00	0.19355
71.17	0.12903
71.33	0.12903
71.50	0.06452
71.67	0.19355
71.83	0.32680
72.00	0.38710
72.17	0.90323
72.33	0.12903
72.50	0.25806
72.67	0.00000
72.83	0.71895
73.00	0.19355
73.17	0.06452
73.33	0.51613
73.50	0.25806
73.67	0.12903
73.83	0.26144
74.00	0.06452
74.17	0.00000
74.33	0.19355
74.50	0.12903
74.67	0.12903
74.83	0.32680
75.00	0.00000
75.17	0.64516
75.33	0.12903
75.50	0.25806
75.67	0.19355
75.83	0.32680
76.00	0.06452
76.17	0.12903
76.33	0.06452
76.50	0.19355
76.67	0.38710
76.83	0.19608
77.00	0.06452
77.17	0.00000
77.33	0.51613
77.50	0.06452
77.67	0.12903
77.83	0.84967
78.00	0.06452
78.17	0.32258
78.33	0.06452
78.50	0.32258
78.67	0.25806
78.83	0.45752
79.00	0.00000
79.17	0.00000
79.33	0.06452
79.50	0.00000
79.67	0.12903
79.83	0.19608
80.00	0.12903
80.17	0.00000
80.33	0.19355
80.50	0.00000
80.67	0.12903
80.83	0.26144
81.00	0.38710
81.17	0.06452
81.33	0.19355
81.50	0.19355
81.67	0.00000
81.83	0.19608
82.00	0.00000
82.17	0.12903
82.33	0.25806
82.50	0.12903
82.67	0.19355
82.83	0.26144
83.00	0.12903
83.17	0.00000
83.33	0.00000
83.50	0.06452
83.67	0.25806
83.83	0.19608
84.00	0.00000
84.17	0.00000
84.33	0.06452
84.50	0.12903
84.67	0.19355
84.83	0.00000
85.00	0.06452
85.17	0.00000
85.33	0.12903
85.50	0.25806
85.67	0.06452
85.83	0.06536
86.00	0.06452
86.17	0.06452
86.33	0.00000
86.50	0.06452
86.67	0.06452
86.83	0.06536
87.00	0.12903
87.17	0.00000
87.33	0.06452
87.50	0.12903
87.67	0.32258
87.83	0.13072
88.00	0.06452
88.17	0.00000
88.33	0.12903
88.50	0.19355
88.67	0.00000
88.83	0.06536
89.00	0.00000
89.17	0.06452
89.33	0.12903
89.50	0.00000
89.67	0.06452
89.83	0.00000
90.00	0.06452
90.17	0.06452
90.33	0.12903
90.50	0.00000
90.67	0.00000
90.83	0.06536
91.00	0.19355
91.17	0.00000
91.33	0.12903
91.50	0.00000
91.67	0.06452
91.83	0.00000
92.00	0.00000
92.17	0.06452
92.33	0.00000
92.50	0.06452
92.67	0.00000
92.83	0.06536
93.00	0.12903
93.17	0.00000
93.33	0.06452
93.50	0.00000
93.67	0.00000
93.83	0.00000
94.00	0.06452
94.17	0.19355
94.33	0.00000
94.50	0.00000
94.67	0.06452
94.83	0.06536
95.00	0.00000
95.17	0.00000
95.33	0.00000
95.50	0.12903
95.67	0.00000
95.83	0.06536
96.00	0.12903
96.17	0.12903
96.33	0.00000
96.50	0.00000
96.67	0.06452
96.83	0.06536
97.00	0.00000
97.17	0.19355
97.33	0.12903
97.50	0.00000
97.67	0.00000
97.83	0.00000
98.00	0.00000
98.17	0.00000
98.33	0.00000
98.50	0.00000
98.67	0.00000
98.83	0.00000
99.00	0.00000
99.17	0.00000
99.33	0.00000
99.50	0.06452
99.67	0.00000
99.83	0.06536
100.00	0.12903
100.17	0.00000
100.33	0.00000
100.50	0.06452
100.67	0.06452
100.83	0.13072
101.00	0.00000
101.17	0.00000
101.33	0.00000
101.50	0.06452
101.67	0.00000
101.83	0.06536
102.00	0.06452
102.17	0.00000
102.33	0.00000
102.50	0.06452
102.67	0.12903
102.83	0.00000
103.00	0.00000
103.17	0.00000
103.33	0.00000
103.50	0.00000
103.67	0.12903
103.83	0.00000
104.00	0.00000
104.17	0.06452
104.33	0.06452
104.50	0.00000
104.67	0.12903
104.83	0.13072
105.00	0.00000
105.17	0.00000
105.33	0.06452
105.50	0.00000
105.67	0.32258
105.83	0.00000
106.00	0.12903
106.17	0.06452
106.33	0.00000
106.50	0.06452
106.67	0.00000
106.83	0.13072
107.00	0.00000
107.17	0.00000
107.33	0.00000
107.50	0.12903
107.67	0.00000
107.83	0.00000
108.00	0.06452
108.17	0.12903
108.33	0.00000
108.50	0.00000
108.67	0.06452
108.83	0.00000
109.00	0.00000
109.17	0.12903
109.33	0.06452
109.50	0.06452
109.67	0.06452
109.83	0.00000
110.00	0.00000
110.17	0.06452
110.33	0.00000
110.50	0.06452
110.67	0.00000
110.83	0.00000
111.00	0.00000
111.17	0.00000
111.33	0.06452
111.50	0.00000
111.67	0.00000
111.83	0.00000
112.00	0.00000
112.17	0.00000
112.33	0.06452
112.50	0.00000
112.67	0.06452
112.83	0.00000
113.00	0.00000
113.17	0.00000
113.33	0.06452
113.50	0.00000
113.67	0.00000
113.83	0.06536
114.00	0.00000
114.17	0.00000
114.33	0.00000
114.50	0.00000
114.67	0.06452
114.83	0.00000
115.00	0.00000
115.17	0.00000
115.33	0.06452
115.50	0.00000
115.67	0.58065
115.83	0.00000
116.00	0.00000
116.17	0.00000
116.33	0.00000
116.50	0.00000
116.67	0.00000
116.83	0.06536
117.00	0.06452
117.17	0.00000
117.33	0.00000
117.50	0.00000
117.67	0.00000
117.83	0.00000
118.00	0.12903
118.17	0.00000
118.33	0.00000
118.50	0.12903
118.67	0.00000
118.83	0.06536
119.00	0.06452
119.17	0.00000
119.33	0.06452
119.50	0.00000
119.67	0.06452
119.83	0.00000
120.00	0.06452
120.17	0.00000
120.33	0.00000
120.50	0.00000
120.67	0.06452
120.83	0.00000
121.00	0.00000
121.17	0.06452
121.33	0.06452
121.50	0.00000
121.67	0.00000
121.83	0.13072
122.00	0.00000
122.17	0.00000
122.33	0.00000
122.50	0.00000
122.67	0.00000
122.83	0.06536
123.00	0.00000
123.17	0.06452
123.33	0.00000
123.50	0.00000
123.67	0.25806
123.83	0.00000
124.00	0.00000
124.17	0.00000
124.33	0.00000
124.50	0.51613
124.67	0.00000
124.83	0.00000
125.00	0.06452
125.17	0.38710
125.33	0.12903
125.50	0.00000
125.67	0.06452
125.83	0.26144
126.00	0.25806
126.17	0.00000
126.33	0.06452
126.50	0.32258
126.67	0.19355
126.83	0.13072
127.00	0.00000
127.17	0.06452
127.33	0.83871
127.50	0.12903
127.67	0.00000
127.83	0.13072
128.00	0.00000
128.17	0.00000
128.33	0.06452
128.50	0.06452
128.67	0.00000
128.83	0.00000
129.00	0.00000
129.17	0.06452
129.33	0.00000
129.50	0.00000
129.67	0.25806
129.83	0.06536
130.00	0.06452
130.17	0.00000
130.33	0.06452
130.50	0.00000
130.67	0.00000
130.83	0.06536
131.00	0.00000
131.17	0.12903
131.33	0.00000
131.50	0.06452
131.67	0.12903
131.83	0.06536
132.00	0.00000
132.17	0.00000
132.33	0.00000
132.50	0.06452
132.67	0.00000
132.83	0.00000
133.00	0.00000
133.17	0.12903
133.33	0.00000
133.50	0.12903
133.67	0.00000
133.83	0.00000
134.00	0.00000
134.17	0.12903
134.33	0.00000
134.50	0.06452
134.67	0.00000
134.83	0.00000
135.00	0.00000
135.17	0.00000
135.33	0.00000
135.50	0.06452
135.67	0.06452
135.83	0.00000
136.00	0.00000
136.17	0.06452
136.33	0.00000
136.50	0.00000
136.67	0.00000
136.83	0.13072
137.00	0.00000
137.17	0.00000
137.33	0.00000
137.50	0.00000
137.67	0.06452
137.83	0.13072
138.00	0.00000
138.17	0.00000
138.33	0.00000
138.50	0.12903
138.67	0.00000
138.83	0.06536
139.00	0.00000
139.17	0.00000
139.33	0.00000
139.50	0.00000
139.67	0.12903
139.83	0.00000
140.00	0.06452
140.17	0.00000
140.33	0.00000
140.50	0.00000
140.67	0.00000
140.83	0.00000
141.00	0.00000
141.17	0.00000
141.33	0.00000
141.50	0.00000
141.67	0.00000
141.83	0.00000
142.00	0.00000
142.17	0.00000
142.33	0.00000
142.50	0.00000
142.67	0.00000
142.83	0.00000
143.00	0.00000
143.17	0.00000
143.33	0.00000
143.50	0.00000
143.67	0.06452
143.83	0.00000
144.00	0.00000
144.17	0.00000
144.33	0.00000
144.50	0.12903
144.67	0.06452
144.83	0.26144
145.00	0.00000
145.17	0.00000
145.33	0.00000
145.50	0.06452
145.67	0.00000
145.83	0.06536
146.00	0.00000
146.17	0.00000
146.33	0.12903
146.50	0.06452
146.67	0.00000
146.83	0.00000
147.00	0.00000
147.17	0.00000
147.33	0.06452
147.50	0.00000
147.67	0.06452
147.83	0.00000
148.00	0.00000
148.17	0.06452
148.33	0.00000
148.50	0.00000
148.67	0.06452
148.83	0.00000
149.00	0.00000
149.17	0.00000
149.33	0.00000
149.50	0.00000
149.67	0.00000
149.83	0.06536
150.00	0.00000
150.17	0.00000
150.33	0.00000
150.50	0.00000
150.67	0.06452
150.83	0.00000
151.00	0.00000
151.17	0.00000
151.33	0.00000
151.50	0.00000
151.67	0.00000
151.83	0.00000
152.00	0.00000
152.17	0.00000
152.33	0.00000
152.50	0.06452
152.67	0.00000
152.83	0.00000
153.00	0.00000
153.17	0.06452
153.33	0.00000
153.50	0.00000
153.67	0.00000
153.83	0.00000
154.00	0.06452
154.17	0.00000
154.33	0.00000
154.50	0.00000
154.67	0.00000
154.83	0.00000
155.00	0.00000
155.17	0.00000
155.33	0.00000
155.50	0.06452
155.67	0.00000
155.83	0.19608
156.00	0.00000
156.17	0.00000
156.33	0.00000
156.50	0.06452
156.67	0.06452
156.83	0.00000
157.00	0.00000
157.17	0.00000
157.33	0.00000
157.50	0.00000
157.67	0.00000
157.83	0.06536
158.00	0.00000
158.17	0.00000
158.33	0.00000
158.50	0.06452
158.67	0.00000
158.83	0.00000
159.00	0.00000
159.17	0.06452
159.33	0.06452
159.50	0.00000
159.67	0.00000
159.83	0.00000
160.00	0.12903
160.17	0.00000
160.33	0.00000
160.50	0.00000
160.67	0.00000
160.83	0.00000
161.00	0.00000
161.17	0.00000
161.33	0.00000
161.50	0.00000
161.67	0.00000
161.83	0.00000
162.00	0.00000
162.17	0.00000
162.33	0.00000
162.50	0.00000
162.67	0.06452
162.83	0.00000
163.00	0.00000
163.17	0.06452
163.33	0.00000
163.50	0.00000
163.67	0.06452
163.83	0.00000
164.00	0.00000
164.17	0.00000
164.33	0.00000
164.50	0.00000
164.67	0.00000
164.83	0.00000
165.00	0.06452
165.17	0.00000
165.33	0.00000
165.50	0.00000
165.67	0.00000
165.83	0.00000
166.00	0.00000
166.17	0.00000
166.33	0.00000
166.50	0.00000
166.67	0.00000
166.83	0.00000
167.00	0.00000
167.17	0.00000
167.33	0.00000
167.50	0.00000
167.67	0.00000
167.83	0.00000
168.00	0.00000
168.17	0.00000
168.33	0.00000
168.50	0.00000
168.67	0.00000
168.83	0.00000
169.00	0.00000
169.17	0.00000
169.33	0.00000
169.50	0.00000
169.67	0.00000
169.83	0.00000
170.00	0.00000
170.17	0.00000
170.33	0.00000
170.50	0.00000
170.67	0.00000
170.83	0.00000
171.00	0.00000
171.17	0.00000
171.33	0.00000
171.50	0.06452
171.67	0.00000
171.83	0.00000
172.00	0.00000
172.17	0.00000
172.33	0.00000
172.50	0.00000
172.67	0.00000
172.83	0.00000
173.00	0.00000
173.17	0.00000
173.33	0.00000
173.50	0.00000
173.67	0.00000
173.83	0.00000
174.00	0.00000
174.17	0.00000
174.33	0.00000
174.50	0.00000
174.67	0.00000
174.83	0.00000
175.00	0.00000
175.17	0.00000
175.33	0.00000
175.50	0.06452
175.67	0.00000
175.83	0.06536
176.00	0.00000
176.17	0.00000
176.33	0.00000
176.50	0.00000
176.67	0.06452
176.83	0.00000
177.00	0.00000
177.17	0.00000
177.33	0.00000
177.50	0.00000
177.67	0.00000
177.83	0.00000
178.00	0.00000
178.17	0.00000
178.33	0.00000
178.50	0.00000
178.67	0.00000
178.83	0.00000
179.00	0.06452
179.17	0.00000
179.33	0.00000
179.50	0.00000
179.67	0.00000
179.83	0.00000
180.00	0.00000
180.17	0.00000
180.33	0.00000
180.50	0.00000
180.67	0.06452
180.83	0.00000
181.00	0.00000
181.17	0.00000
181.33	0.00000
181.50	0.00000
181.67	0.00000
181.83	0.06536
182.00	0.00000
182.17	0.00000
182.33	0.00000
182.50	0.00000
182.67	0.00000
182.83	0.00000
183.00	0.00000
183.17	0.00000
183.33	0.00000
183.50	0.00000
183.67	0.00000
183.83	0.06536
184.00	0.00000
184.17	0.00000
184.33	0.00000
184.50	0.00000
184.67	0.00000
184.83	0.00000
185.00	0.00000
185.17	0.00000
185.33	0.00000
185.50	0.00000
185.67	0.00000
185.83	0.00000
186.00	0.00000
186.17	0.00000
186.33	0.00000
186.50	0.00000
186.67	0.00000
186.83	0.06536
187.00	0.00000
187.17	0.00000
187.33	0.00000
187.50	0.06452
187.67	0.00000
187.83	0.00000
188.00	0.00000
188.17	0.00000
188.33	0.00000
188.50	0.00000
188.67	0.00000
188.83	0.00000
189.00	0.00000
189.17	0.00000
189.33	0.00000
189.50	0.00000
189.67	0.00000
189.83	0.00000
190.00	0.00000
190.17	0.00000
190.33	0.00000
190.50	0.00000
190.67	0.00000
190.83	0.00000
191.00	0.00000
191.17	0.00000
191.33	0.06452
191.50	0.00000
191.67	0.00000
191.83	0.00000
192.00	0.00000
192.17	0.00000
192.33	0.00000
192.50	0.00000
192.67	0.00000
192.83	0.00000
193.00	0.00000
193.17	0.00000
193.33	0.00000
193.50	0.00000
193.67	0.00000
193.83	0.00000
194.00	0.00000
194.17	0.00000
194.33	0.00000
194.50	0.00000
194.67	0.00000
194.83	0.00000
195.00	0.00000
195.17	0.00000
195.33	0.00000
195.50	0.00000
195.67	0.00000
195.83	0.13072
196.00	0.00000
196.17	0.00000
196.33	0.00000
196.50	0.00000
196.67	0.00000
196.83	0.00000
197.00	0.06452
197.17	0.06452
197.33	0.00000
197.50	0.00000
197.67	0.00000
197.83	0.06536
198.00	0.00000
198.17	0.00000
198.33	0.06452
198.50	0.00000
198.67	0.06452
198.83	0.00000
199.00	0.00000
199.17	0.00000
199.33	0.00000
199.50	0.00000
199.67	0.00000
199.83	0.06536
