0.00	72.96774
0.33	57.93548
0.67	48.63636
1.00	44.64516
1.33	34.06451
1.67	33.31169
2.00	28.32258
2.33	27.35484
2.67	24.35065
3.00	26.12903
3.33	25.29032
3.67	20.97403
4.00	21.09677
4.33	21.93548
4.67	17.79221
5.00	20.32258
5.33	16.06452
5.67	17.01299
6.00	18.45161
6.33	16.25806
6.67	15.64935
7.00	15.80645
7.33	14.19355
7.67	15.12987
8.00	15.16129
8.33	10.45161
8.67	13.11688
9.00	12.38710
9.33	12.32258
9.67	12.72727
10.00	13.48387
10.33	11.67742
10.67	9.02597
11.00	10.83871
11.33	11.41935
11.67	8.63636
12.00	8.00000
12.33	10.06452
12.67	9.54545
13.00	8.45161
13.33	8.38710
13.67	9.02597
14.00	8.00000
14.33	7.67742
14.67	6.81818
15.00	8.06452
15.33	7.09677
15.67	7.20779
16.00	7.22581
16.33	8.90323
16.67	7.46753
17.00	6.06452
17.33	6.12903
17.67	6.42857
18.00	6.19355
18.33	5.61290
18.67	5.90909
19.00	5.48387
19.33	4.77419
19.67	5.45455
20.00	6.06452
20.33	5.16129
20.67	4.93506
21.00	5.54839
21.33	4.45161
21.67	3.63636
22.00	4.45161
22.33	4.06452
22.67	3.63636
23.00	4.58065
23.33	3.74194
23.67	3.70130
24.00	3.41935
24.33	4.70968
24.67	3.70130
25.00	3.48387
25.33	3.41935
25.67	3.24675
26.00	2.64516
26.33	3.16129
26.67	2.72727
27.00	2.32258
27.33	3.16129
27.67	2.66234
28.00	2.58065
28.33	3.41935
28.67	3.50649
29.00	2.77419
29.33	2.64516
29.67	2.20779
30.00	1.87097
30.33	1.93548
30.67	2.46753
31.00	2.00000
31.33	2.19355
31.67	2.85714
32.00	2.38710
32.33	2.25806
32.67	2.72727
33.00	1.41935
33.33	1.54839
33.67	2.66234
34.00	2.45161
34.33	2.00000
34.67	1.62338
35.00	1.61290
35.33	1.48387
35.67	2.01299
36.00	1.16129
36.33	1.80645
36.67	2.07792
37.00	1.41935
37.33	1.61290
37.67	1.10390
38.00	1.03226
38.33	1.16129
38.67	1.29870
39.00	0.51613
39.33	1.35484
39.67	0.90909
40.00	1.67742
40.33	1.35484
40.67	1.23377
41.00	0.77419
41.33	1.35484
41.67	1.10390
42.00	0.83871
42.33	2.00000
42.67	0.84416
43.00	1.16129
43.33	1.03226
43.67	1.16883
44.00	1.29032
44.33	0.96774
44.67	0.38961
45.00	0.64516
45.33	0.38710
45.67	0.90909
46.00	0.90323
46.33	0.45161
46.67	0.90909
47.00	0.32258
47.33	0.96774
47.67	0.38961
48.00	0.96774
48.33	0.38710
48.67	1.29870
49.00	0.45161
49.33	0.77419
49.67	0.38961
50.00	0.64516
50.33	0.64516
50.67	0.64935
51.00	0.19355
51.33	0.77419
51.67	0.38961
52.00	0.64516
52.33	0.38710
52.67	0.38961
53.00	0.51613
53.33	0.64516
53.67	0.32468
54.00	0.38710
54.33	0.19355
54.67	0.58442
55.00	0.51613
55.33	0.38710
55.67	0.64935
56.00	0.12903
56.33	0.45161
56.67	0.25974
57.00	0.19355
57.33	0.32258
57.67	0.32468
58.00	0.51613
58.33	0.51613
58.67	0.51948
59.00	0.32258
59.33	0.12903
59.67	1.03896
60.00	0.19355
60.33	0.12903
60.67	0.00000
61.00	0.32258
61.33	0.58065
61.67	0.25974
62.00	0.25806
62.33	0.45161
62.67	0.45455
63.00	0.19355
63.33	0.12903
63.67	0.00000
64.00	0.25806
64.33	0.19355
64.67	0.06494
65.00	0.12903
65.33	0.25806
65.67	0.19481
66.00	0.25806
66.33	0.06452
66.67	0.45455
67.00	0.19355
67.33	0.38710
67.67	0.06494
68.00	0.06452
68.33	0.12903
68.67	0.12987
69.00	0.12903
69.33	0.06452
69.67	0.19481
70.00	0.25806
70.33	0.06452
70.67	0.12987
71.00	0.12903
71.33	0.19355
71.67	0.12987
72.00	0.00000
72.33	0.00000
72.67	0.19481
73.00	0.19355
73.33	0.06452
73.67	0.12987
74.00	0.12903
74.33	0.06452
74.67	0.00000
75.00	0.00000
75.33	0.19355
75.67	0.00000
76.00	0.00000
76.33	0.06452
76.67	0.06494
77.00	0.00000
77.33	0.58065
77.67	0.19481
78.00	0.12903
78.33	0.00000
78.67	0.06494
79.00	0.06452
79.33	0.00000
79.67	0.06494
80.00	0.00000
80.33	0.06452
80.67	0.12987
81.00	0.00000
81.33	0.12903
81.67	0.00000
82.00	0.00000
82.33	0.00000
82.67	0.12987
83.00	0.00000
83.33	0.00000
83.67	0.00000
84.00	0.12903
84.33	0.00000
84.67	0.06494
85.00	0.00000
85.33	0.06452
85.67	0.00000
86.00	0.00000
86.33	0.00000
86.67	0.00000
87.00	0.00000
87.33	0.12903
87.67	0.12987
88.00	0.00000
88.33	0.00000
88.67	0.00000
89.00	0.00000
89.33	0.00000
89.67	0.00000
90.00	0.06452
90.33	0.00000
90.67	0.00000
91.00	0.06452
91.33	0.06452
91.67	0.00000
92.00	0.00000
92.33	0.00000
92.67	0.00000
93.00	0.06452
93.33	0.00000
93.67	0.00000
94.00	0.00000
94.33	0.00000
94.67	0.00000
95.00	0.12903
95.33	0.00000
95.67	0.00000
96.00	0.00000
96.33	0.00000
96.67	0.00000
97.00	0.06452
97.33	0.06452
97.67	0.00000
98.00	0.00000
98.33	0.00000
98.67	0.00000
99.00	0.06452
99.33	0.06452
99.67	0.12987
100.00	0.12903
100.33	0.00000
100.67	0.00000
101.00	0.00000
101.33	0.00000
101.67	0.00000
102.00	0.06452
102.33	0.00000
102.67	0.00000
103.00	0.00000
103.33	0.00000
103.67	0.00000
104.00	0.00000
104.33	0.00000
104.67	0.00000
105.00	0.00000
105.33	0.00000
105.67	0.00000
106.00	0.00000
106.33	0.00000
106.67	0.06494
107.00	0.00000
107.33	0.00000
107.67	0.00000
108.00	0.00000
108.33	0.00000
108.67	0.00000
109.00	0.00000
109.33	0.06452
109.67	0.00000
110.00	0.12903
110.33	0.00000
110.67	0.00000
111.00	0.00000
111.33	0.00000
111.67	0.00000
112.00	0.00000
112.33	0.00000
112.67	0.00000
113.00	0.00000
113.33	0.00000
113.67	0.00000
114.00	0.00000
114.33	0.00000
114.67	0.00000
115.00	0.00000
115.33	0.00000
115.67	0.00000
116.00	0.00000
116.33	0.00000
116.67	0.00000
117.00	0.00000
117.33	0.00000
117.67	0.00000
118.00	0.06452
118.33	0.00000
118.67	0.06494
119.00	0.00000
119.33	0.00000
119.67	0.00000
120.00	0.00000
120.33	0.00000
120.67	0.06494
121.00	0.00000
121.33	0.00000
121.67	0.00000
122.00	0.00000
122.33	0.00000
122.67	0.00000
123.00	0.00000
123.33	0.00000
123.67	0.00000
124.00	0.00000
124.33	0.06452
124.67	0.00000
125.00	0.00000
125.33	0.00000
125.67	0.00000
126.00	0.00000
126.33	0.00000
126.67	0.00000
127.00	0.00000
127.33	0.00000
127.67	0.00000
128.00	0.00000
128.33	0.00000
128.67	0.00000
129.00	0.00000
129.33	0.00000
129.67	0.00000
130.00	0.00000
130.33	0.00000
130.67	0.00000
131.00	0.00000
131.33	0.00000
131.67	0.00000
132.00	0.00000
132.33	0.00000
132.67	0.00000
133.00	0.00000
133.33	0.00000
133.67	0.00000
134.00	0.00000
134.33	0.00000
134.67	0.00000
135.00	0.00000
135.33	0.00000
135.67	0.00000
136.00	0.00000
136.33	0.12903
136.67	0.00000
137.00	0.00000
137.33	0.00000
137.67	0.00000
138.00	0.00000
138.33	0.00000
138.67	0.00000
139.00	0.00000
139.33	0.00000
139.67	0.00000
140.00	0.00000
140.33	0.00000
140.67	0.00000
141.00	0.00000
141.33	0.00000
141.67	0.00000
142.00	0.00000
142.33	0.00000
142.67	0.00000
143.00	0.00000
143.33	0.00000
143.67	0.00000
144.00	0.06452
144.33	0.00000
144.67	0.00000
145.00	0.00000
145.33	0.00000
145.67	0.00000
146.00	0.00000
146.33	0.00000
146.67	0.00000
147.00	0.00000
147.33	0.00000
147.67	0.00000
148.00	0.00000
148.33	0.00000
148.67	0.00000
149.00	0.00000
149.33	0.00000
149.67	0.00000
150.00	0.00000
150.33	0.00000
150.67	0.00000
151.00	0.00000
151.33	0.00000
151.67	0.00000
152.00	0.00000
152.33	0.00000
152.67	0.00000
153.00	0.00000
153.33	0.00000
153.67	0.00000
154.00	0.00000
154.33	0.00000
154.67	0.00000
155.00	0.00000
155.33	0.00000
155.67	0.00000
156.00	0.00000
156.33	0.00000
156.67	0.00000
157.00	0.00000
157.33	0.00000
157.67	0.00000
158.00	0.12903
158.33	0.00000
158.67	0.00000
159.00	0.00000
159.33	0.00000
159.67	0.00000
160.00	0.00000
160.33	0.00000
160.67	0.00000
161.00	0.00000
161.33	0.00000
161.67	0.00000
162.00	0.00000
162.33	0.00000
162.67	0.00000
163.00	0.00000
163.33	0.00000
163.67	0.00000
164.00	0.00000
164.33	0.00000
164.67	0.00000
165.00	0.00000
165.33	0.00000
165.67	0.00000
166.00	0.00000
166.33	0.00000
166.67	0.00000
167.00	0.00000
167.33	0.00000
167.67	0.00000
168.00	0.00000
168.33	0.00000
168.67	0.00000
169.00	0.00000
169.33	0.00000
169.67	0.00000
170.00	0.00000
170.33	0.00000
170.67	0.00000
171.00	0.00000
171.33	0.00000
171.67	0.00000
172.00	0.00000
172.33	0.00000
172.67	0.00000
173.00	0.00000
173.33	0.00000
173.67	0.00000
174.00	0.00000
174.33	0.00000
174.67	0.00000
175.00	0.00000
175.33	0.00000
175.67	0.00000
176.00	0.00000
176.33	0.00000
176.67	0.00000
177.00	0.00000
177.33	0.00000
177.67	0.00000
178.00	0.00000
178.33	0.00000
178.67	0.00000
179.00	0.00000
179.33	0.00000
179.67	0.00000
180.00	0.00000
180.33	0.00000
180.67	0.00000
181.00	0.00000
181.33	0.00000
181.67	0.00000
182.00	0.00000
182.33	0.00000
182.67	0.00000
183.00	0.00000
183.33	0.00000
183.67	0.00000
184.00	0.00000
184.33	0.00000
184.67	0.00000
185.00	0.00000
185.33	0.00000
185.67	0.00000
186.00	0.06452
186.33	0.00000
186.67	0.00000
187.00	0.00000
187.33	0.00000
187.67	0.00000
188.00	0.00000
188.33	0.00000
188.67	0.00000
189.00	0.00000
189.33	0.06452
189.67	0.00000
190.00	0.00000
190.33	0.00000
190.67	0.00000
191.00	0.00000
191.33	0.00000
191.67	0.00000
192.00	0.00000
192.33	0.00000
192.67	0.00000
193.00	0.00000
193.33	0.00000
193.67	0.00000
194.00	0.00000
194.33	0.00000
194.67	0.00000
195.00	0.00000
195.33	0.00000
195.67	0.00000
196.00	0.00000
196.33	0.00000
196.67	0.00000
197.00	0.00000
197.33	0.00000
197.67	0.00000
198.00	0.00000
198.33	0.00000
198.67	0.00000
199.00	0.00000
199.33	0.00000
199.67	0.00000
