0.00	0.12258
0.17	0.21613
0.33	0.32903
0.50	0.33548
0.67	0.34194
0.83	0.31699
1.00	0.37742
1.17	0.42903
1.33	0.40645
1.50	0.39677
1.67	0.42258
1.83	0.47059
2.00	0.39355
2.17	0.44194
2.33	0.52903
2.50	0.51290
2.67	0.50968
2.83	0.50654
3.00	0.50968
3.17	0.52581
3.33	0.51613
3.50	0.56129
3.67	0.58710
3.83	0.57516
4.00	0.53226
4.17	0.55806
4.33	0.57419
4.50	0.60000
4.67	0.62258
4.83	0.67647
5.00	0.60645
5.17	0.65484
5.33	0.64839
5.50	0.66129
5.67	0.66129
5.83	0.65359
6.00	0.70645
6.17	0.64839
6.33	0.66129
6.50	0.74839
6.67	0.66452
6.83	0.73856
7.00	0.66452
7.17	0.74516
7.33	0.70645
7.50	0.73226
7.67	0.69355
7.83	0.77451
8.00	0.76774
8.17	0.75161
8.33	0.72903
8.50	0.74516
8.67	0.76129
8.83	0.73529
9.00	0.76452
9.17	0.76452
9.33	0.79355
9.50	0.82581
9.67	0.80323
9.83	0.80392
10.00	0.84516
10.17	0.79355
10.33	0.81290
10.50	0.79677
10.67	0.78065
10.83	0.79085
11.00	0.80968
11.17	0.81290
11.33	0.81613
11.50	0.83548
11.67	0.87097
11.83	0.84641
12.00	0.85161
12.17	0.82903
12.33	0.86129
12.50	0.87097
12.67	0.86452
12.83	0.85294
13.00	0.86774
13.17	0.89032
13.33	0.88065
13.50	0.89677
13.67	0.88387
13.83	0.86601
14.00	0.90323
14.17	0.87742
14.33	0.87419
14.50	0.86129
14.67	0.89355
14.83	0.89542
15.00	0.86452
15.17	0.90968
15.33	0.87742
15.50	0.92581
15.67	0.92258
15.83	0.88889
16.00	0.91935
16.17	0.89355
16.33	0.91935
16.50	0.92258
16.67	0.92258
16.83	0.91830
17.00	0.93871
17.17	0.93871
17.33	0.93871
17.50	0.94194
17.67	0.92258
17.83	0.90523
18.00	0.91935
18.17	0.96452
18.33	0.90968
18.50	0.93548
18.67	0.92258
18.83	0.93464
19.00	0.93548
19.17	0.92903
19.33	0.96129
19.50	0.93226
19.67	0.90323
19.83	0.96078
20.00	0.93871
20.17	0.93548
20.33	0.92903
20.50	0.94839
20.67	0.95161
20.83	0.95752
21.00	0.95484
21.17	0.94839
21.33	0.93226
21.50	0.94839
21.67	0.95161
21.83	0.96732
22.00	0.93871
22.17	0.96452
22.33	0.97097
22.50	0.95161
22.67	0.95484
22.83	0.96405
23.00	0.96452
23.17	0.95806
23.33	0.95161
23.50	0.95806
23.67	0.95484
23.83	0.98039
24.00	0.95161
24.17	0.98065
24.33	0.97097
24.50	0.96452
24.67	0.97097
24.83	0.97386
25.00	0.97419
25.17	0.98065
25.33	0.98710
25.50	0.97419
25.67	0.96774
25.83	0.97386
26.00	0.97419
26.17	0.99032
26.33	0.97419
26.50	0.98710
26.67	0.97419
26.83	0.97712
27.00	0.97097
27.17	0.98065
27.33	0.96452
27.50	0.96774
27.67	0.97742
27.83	0.97059
28.00	0.98387
28.17	0.99032
28.33	0.98387
28.50	0.97419
28.67	0.97742
28.83	0.98366
29.00	0.99032
29.17	0.97419
29.33	0.98710
29.50	0.98387
29.67	0.98065
29.83	0.97386
30.00	0.98387
30.17	0.99677
30.33	0.99032
30.50	0.98065
30.67	0.97419
30.83	0.97386
31.00	0.97097
31.17	0.99355
31.33	0.99355
31.50	0.98387
31.67	0.98710
31.83	0.98366
32.00	0.99032
32.17	0.97742
32.33	0.99032
32.50	0.99032
32.67	0.98710
32.83	0.98693
33.00	0.98710
33.17	0.99032
33.33	0.99355
33.50	0.99355
33.67	0.98387
33.83	0.99020
34.00	0.98065
34.17	0.98710
34.33	0.99032
34.50	0.99032
34.67	0.98387
34.83	0.98039
35.00	0.99355
35.17	0.99355
35.33	0.99032
35.50	0.98065
35.67	0.98387
35.83	0.99020
36.00	0.99032
36.17	0.98065
36.33	0.99677
36.50	0.99355
36.67	0.99677
36.83	1.00000
37.00	0.99032
37.17	0.99032
37.33	0.99677
37.50	1.00000
37.67	0.99032
37.83	0.98693
38.00	0.99355
38.17	0.99355
38.33	0.99032
38.50	0.99032
38.67	0.98710
38.83	0.99346
39.00	0.99677
39.17	0.96774
39.33	0.99677
39.50	1.00000
39.67	0.99677
39.83	0.99673
40.00	0.99677
40.17	1.00000
40.33	0.99355
40.50	0.98710
40.67	0.99677
40.83	0.98693
41.00	0.97419
41.17	0.99032
41.33	0.99677
41.50	0.99677
41.67	0.99355
41.83	0.99673
42.00	0.99677
42.17	0.99677
42.33	0.99677
42.50	0.99677
42.67	0.99032
42.83	0.98693
43.00	0.97742
43.17	0.99032
43.33	1.00000
43.50	1.00000
43.67	0.98710
43.83	1.00000
44.00	0.99355
44.17	0.99677
44.33	0.99355
44.50	1.00000
44.67	0.99355
44.83	0.99673
45.00	0.99677
45.17	1.00000
45.33	0.99677
45.50	0.99032
45.67	0.99355
45.83	0.99346
46.00	0.99355
46.17	0.99355
46.33	0.99355
46.50	1.00000
46.67	0.99355
46.83	0.99673
47.00	1.00000
47.17	0.99677
47.33	0.99677
47.50	0.99677
47.67	0.99677
47.83	1.00000
48.00	0.99032
48.17	0.99677
48.33	1.00000
48.50	1.00000
48.67	0.99677
48.83	0.99346
49.00	0.99677
49.17	0.99355
49.33	0.99355
49.50	0.99355
49.67	0.99677
49.83	0.99346
50.00	1.00000
50.17	0.99355
50.33	0.99677
50.50	0.99677
50.67	0.99677
50.83	1.00000
51.00	1.00000
51.17	0.98710
51.33	0.99677
51.50	0.99677
51.67	0.99677
51.83	1.00000
52.00	0.99355
52.17	0.99677
52.33	1.00000
52.50	1.00000
52.67	0.99355
52.83	1.00000
53.00	1.00000
53.17	1.00000
53.33	0.99677
53.50	1.00000
53.67	0.99677
53.83	0.99346
54.00	1.00000
54.17	1.00000
54.33	0.99355
54.50	1.00000
54.67	0.99355
54.83	0.99673
55.00	1.00000
55.17	1.00000
55.33	1.00000
55.50	1.00000
55.67	1.00000
55.83	1.00000
56.00	0.99677
56.17	1.00000
56.33	1.00000
56.50	1.00000
56.67	0.99677
56.83	1.00000
57.00	0.99677
57.17	1.00000
57.33	1.00000
57.50	1.00000
57.67	1.00000
57.83	0.99673
58.00	1.00000
58.17	1.00000
58.33	0.99677
58.50	1.00000
58.67	0.99677
58.83	1.00000
59.00	1.00000
59.17	0.99677
59.33	0.99677
59.50	1.00000
59.67	1.00000
59.83	0.99346
60.00	1.00000
60.17	1.00000
60.33	1.00000
60.50	1.00000
60.67	1.00000
60.83	0.99673
61.00	1.00000
61.17	0.99677
61.33	1.00000
61.50	0.99677
61.67	1.00000
61.83	1.00000
62.00	0.99677
62.17	1.00000
62.33	0.99677
62.50	1.00000
62.67	0.99677
62.83	1.00000
63.00	1.00000
63.17	0.99677
63.33	0.99355
63.50	1.00000
63.67	1.00000
63.83	1.00000
64.00	1.00000
64.17	1.00000
64.33	1.00000
64.50	1.00000
64.67	1.00000
64.83	1.00000
65.00	0.99355
65.17	0.99677
65.33	1.00000
65.50	1.00000
65.67	1.00000
65.83	1.00000
66.00	0.99677
66.17	0.99677
66.33	1.00000
66.50	0.99677
66.67	1.00000
66.83	0.99346
67.00	1.00000
67.17	0.99677
67.33	1.00000
67.50	0.99355
67.67	1.00000
67.83	1.00000
68.00	1.00000
68.17	0.99677
68.33	1.00000
68.50	1.00000
68.67	1.00000
68.83	1.00000
69.00	0.99677
69.17	0.99355
69.33	1.00000
69.50	1.00000
69.67	0.99677
69.83	1.00000
70.00	1.00000
70.17	1.00000
70.33	1.00000
70.50	0.99355
70.67	1.00000
70.83	0.99673
71.00	1.00000
71.17	1.00000
71.33	1.00000
71.50	0.99677
71.67	1.00000
71.83	0.99346
72.00	1.00000
72.17	1.00000
72.33	1.00000
72.50	1.00000
72.67	0.99677
72.83	0.99673
73.00	1.00000
73.17	1.00000
73.33	1.00000
73.50	1.00000
73.67	1.00000
73.83	1.00000
74.00	1.00000
74.17	1.00000
74.33	1.00000
74.50	1.00000
74.67	1.00000
74.83	1.00000
75.00	1.00000
75.17	1.00000
75.33	1.00000
75.50	1.00000
75.67	1.00000
75.83	0.99673
76.00	1.00000
76.17	1.00000
76.33	1.00000
76.50	0.99677
76.67	0.99677
76.83	1.00000
77.00	1.00000
77.17	1.00000
77.33	1.00000
77.50	1.00000
77.67	1.00000
77.83	1.00000
78.00	1.00000
78.17	1.00000
78.33	1.00000
78.50	1.00000
78.67	1.00000
78.83	1.00000
79.00	1.00000
79.17	1.00000
79.33	0.99677
79.50	0.99355
79.67	1.00000
79.83	0.99673
80.00	1.00000
80.17	0.99677
80.33	1.00000
80.50	1.00000
80.67	1.00000
80.83	1.00000
81.00	1.00000
81.17	1.00000
81.33	0.99677
81.50	1.00000
81.67	1.00000
81.83	0.99673
82.00	1.00000
82.17	1.00000
82.33	1.00000
82.50	0.99677
82.67	1.00000
82.83	1.00000
83.00	1.00000
83.17	1.00000
83.33	1.00000
83.50	0.99677
83.67	0.99677
83.83	0.99673
84.00	1.00000
84.17	1.00000
84.33	1.00000
84.50	1.00000
84.67	1.00000
84.83	1.00000
85.00	1.00000
85.17	1.00000
85.33	0.99677
85.50	1.00000
85.67	1.00000
85.83	1.00000
86.00	1.00000
86.17	1.00000
86.33	1.00000
86.50	1.00000
86.67	0.99677
86.83	1.00000
87.00	1.00000
87.17	1.00000
87.33	1.00000
87.50	0.99677
87.67	1.00000
87.83	1.00000
88.00	1.00000
88.17	1.00000
88.33	1.00000
88.50	1.00000
88.67	1.00000
88.83	1.00000
89.00	1.00000
89.17	0.99677
89.33	1.00000
89.50	1.00000
89.67	1.00000
89.83	1.00000
90.00	1.00000
90.17	1.00000
90.33	1.00000
90.50	1.00000
90.67	0.99677
90.83	1.00000
91.00	1.00000
91.17	1.00000
91.33	1.00000
91.50	1.00000
91.67	1.00000
91.83	1.00000
92.00	1.00000
92.17	1.00000
92.33	1.00000
92.50	1.00000
92.67	1.00000
92.83	1.00000
93.00	1.00000
93.17	1.00000
93.33	1.00000
93.50	1.00000
93.67	1.00000
93.83	0.99673
94.00	1.00000
94.17	1.00000
94.33	1.00000
94.50	1.00000
94.67	0.99677
94.83	0.99346
95.00	1.00000
95.17	0.99677
95.33	1.00000
95.50	1.00000
95.67	1.00000
95.83	1.00000
96.00	1.00000
96.17	1.00000
96.33	1.00000
96.50	1.00000
96.67	1.00000
96.83	1.00000
97.00	1.00000
97.17	1.00000
97.33	1.00000
97.50	0.99677
97.67	1.00000
97.83	1.00000
98.00	1.00000
98.17	1.00000
98.33	0.99677
98.50	1.00000
98.67	1.00000
98.83	1.00000
99.00	1.00000
99.17	1.00000
99.33	1.00000
99.50	1.00000
99.67	1.00000
99.83	1.00000
100.00	1.00000
100.17	1.00000
100.33	1.00000
100.50	1.00000
100.67	1.00000
100.83	1.00000
101.00	1.00000
101.17	1.00000
101.33	1.00000
101.50	1.00000
101.67	1.00000
101.83	1.00000
102.00	1.00000
102.17	1.00000
102.33	0.99677
102.50	1.00000
102.67	1.00000
102.83	1.00000
103.00	1.00000
103.17	1.00000
103.33	1.00000
103.50	1.00000
103.67	1.00000
103.83	1.00000
104.00	1.00000
104.17	1.00000
104.33	1.00000
104.50	1.00000
104.67	1.00000
104.83	0.99673
105.00	1.00000
105.17	1.00000
105.33	1.00000
105.50	1.00000
105.67	1.00000
105.83	1.00000
106.00	1.00000
106.17	1.00000
106.33	1.00000
106.50	1.00000
106.67	1.00000
106.83	1.00000
107.00	1.00000
107.17	1.00000
107.33	1.00000
107.50	1.00000
107.67	0.99677
107.83	1.00000
108.00	1.00000
108.17	0.99677
108.33	1.00000
108.50	1.00000
108.67	1.00000
108.83	1.00000
109.00	1.00000
109.17	1.00000
109.33	1.00000
109.50	1.00000
109.67	0.99677
109.83	1.00000
110.00	1.00000
110.17	1.00000
110.33	0.99677
110.50	1.00000
110.67	1.00000
110.83	1.00000
111.00	0.99677
111.17	1.00000
111.33	1.00000
111.50	1.00000
111.67	1.00000
111.83	1.00000
112.00	1.00000
112.17	1.00000
112.33	1.00000
112.50	1.00000
112.67	1.00000
112.83	1.00000
113.00	1.00000
113.17	0.99677
113.33	1.00000
113.50	1.00000
113.67	1.00000
113.83	1.00000
114.00	1.00000
114.17	1.00000
114.33	1.00000
114.50	1.00000
114.67	1.00000
114.83	0.99673
115.00	1.00000
115.17	1.00000
115.33	1.00000
115.50	1.00000
115.67	1.00000
115.83	1.00000
116.00	1.00000
116.17	1.00000
116.33	1.00000
116.50	1.00000
116.67	1.00000
116.83	1.00000
117.00	1.00000
117.17	1.00000
117.33	1.00000
117.50	0.99677
117.67	1.00000
117.83	1.00000
118.00	1.00000
118.17	1.00000
118.33	1.00000
118.50	1.00000
118.67	1.00000
118.83	1.00000
119.00	1.00000
119.17	1.00000
119.33	1.00000
119.50	1.00000
119.67	1.00000
119.83	0.99673
120.00	1.00000
120.17	1.00000
120.33	1.00000
120.50	1.00000
120.67	1.00000
120.83	1.00000
121.00	1.00000
121.17	1.00000
121.33	1.00000
121.50	1.00000
121.67	1.00000
121.83	1.00000
122.00	1.00000
122.17	1.00000
122.33	1.00000
122.50	1.00000
122.67	1.00000
122.83	1.00000
123.00	1.00000
123.17	1.00000
123.33	1.00000
123.50	1.00000
123.67	1.00000
123.83	1.00000
124.00	1.00000
124.17	1.00000
124.33	1.00000
124.50	1.00000
124.67	1.00000
124.83	1.00000
125.00	1.00000
125.17	1.00000
125.33	1.00000
125.50	1.00000
125.67	1.00000
125.83	1.00000
126.00	1.00000
126.17	1.00000
126.33	1.00000
126.50	1.00000
126.67	1.00000
126.83	1.00000
127.00	1.00000
127.17	1.00000
127.33	1.00000
127.50	1.00000
127.67	0.99677
127.83	1.00000
128.00	1.00000
128.17	0.99677
128.33	1.00000
128.50	1.00000
128.67	1.00000
128.83	1.00000
129.00	1.00000
129.17	1.00000
129.33	1.00000
129.50	1.00000
129.67	1.00000
129.83	0.99346
130.00	1.00000
130.17	1.00000
130.33	1.00000
130.50	1.00000
130.67	1.00000
130.83	1.00000
131.00	1.00000
131.17	1.00000
131.33	1.00000
131.50	1.00000
131.67	1.00000
131.83	1.00000
132.00	1.00000
132.17	1.00000
132.33	1.00000
132.50	1.00000
132.67	1.00000
132.83	1.00000
133.00	1.00000
133.17	1.00000
133.33	1.00000
133.50	1.00000
133.67	1.00000
133.83	1.00000
134.00	1.00000
134.17	1.00000
134.33	1.00000
134.50	1.00000
134.67	1.00000
134.83	1.00000
135.00	1.00000
135.17	1.00000
135.33	1.00000
135.50	1.00000
135.67	1.00000
135.83	1.00000
136.00	1.00000
136.17	1.00000
136.33	1.00000
136.50	1.00000
136.67	1.00000
136.83	1.00000
137.00	1.00000
137.17	1.00000
137.33	1.00000
137.50	1.00000
137.67	1.00000
137.83	1.00000
138.00	1.00000
138.17	0.99677
138.33	1.00000
138.50	1.00000
138.67	1.00000
138.83	1.00000
139.00	1.00000
139.17	1.00000
139.33	1.00000
139.50	1.00000
139.67	1.00000
139.83	1.00000
140.00	1.00000
140.17	1.00000
140.33	1.00000
140.50	1.00000
140.67	1.00000
140.83	1.00000
141.00	1.00000
141.17	1.00000
141.33	1.00000
141.50	1.00000
141.67	1.00000
141.83	1.00000
142.00	1.00000
142.17	1.00000
142.33	1.00000
142.50	1.00000
142.67	1.00000
142.83	1.00000
143.00	1.00000
143.17	1.00000
143.33	1.00000
143.50	1.00000
143.67	1.00000
143.83	1.00000
144.00	1.00000
144.17	1.00000
144.33	1.00000
144.50	1.00000
144.67	1.00000
144.83	1.00000
145.00	1.00000
145.17	1.00000
145.33	0.99677
145.50	1.00000
145.67	1.00000
145.83	1.00000
146.00	1.00000
146.17	1.00000
146.33	1.00000
146.50	1.00000
146.67	1.00000
146.83	1.00000
147.00	1.00000
147.17	1.00000
147.33	1.00000
147.50	1.00000
147.67	1.00000
147.83	1.00000
148.00	1.00000
148.17	1.00000
148.33	1.00000
148.50	1.00000
148.67	1.00000
148.83	1.00000
149.00	1.00000
149.17	1.00000
149.33	1.00000
149.50	1.00000
149.67	0.99677
149.83	1.00000
150.00	1.00000
150.17	1.00000
150.33	1.00000
150.50	1.00000
150.67	1.00000
150.83	1.00000
151.00	1.00000
151.17	1.00000
151.33	1.00000
151.50	1.00000
151.67	1.00000
151.83	1.00000
152.00	1.00000
152.17	1.00000
152.33	1.00000
152.50	1.00000
152.67	0.99677
152.83	0.99673
153.00	1.00000
153.17	1.00000
153.33	1.00000
153.50	1.00000
153.67	0.99677
153.83	1.00000
154.00	1.00000
154.17	0.99677
154.33	1.00000
154.50	1.00000
154.67	1.00000
154.83	1.00000
155.00	1.00000
155.17	1.00000
155.33	1.00000
155.50	1.00000
155.67	1.00000
155.83	1.00000
156.00	1.00000
156.17	1.00000
156.33	1.00000
156.50	1.00000
156.67	1.00000
156.83	1.00000
157.00	1.00000
157.17	1.00000
157.33	1.00000
157.50	1.00000
157.67	1.00000
157.83	0.99673
158.00	1.00000
158.17	1.00000
158.33	1.00000
158.50	1.00000
158.67	1.00000
158.83	1.00000
159.00	1.00000
159.17	1.00000
159.33	1.00000
159.50	1.00000
159.67	1.00000
159.83	1.00000
160.00	1.00000
160.17	0.99677
160.33	0.99677
160.50	1.00000
160.67	1.00000
160.83	1.00000
161.00	1.00000
161.17	1.00000
161.33	1.00000
161.50	1.00000
161.67	1.00000
161.83	1.00000
162.00	1.00000
162.17	1.00000
162.33	1.00000
162.50	1.00000
162.67	1.00000
162.83	1.00000
163.00	1.00000
163.17	1.00000
163.33	1.00000
163.50	1.00000
163.67	1.00000
163.83	1.00000
164.00	1.00000
164.17	1.00000
164.33	1.00000
164.50	1.00000
164.67	1.00000
164.83	1.00000
165.00	1.00000
165.17	1.00000
165.33	1.00000
165.50	1.00000
165.67	1.00000
165.83	1.00000
166.00	1.00000
166.17	1.00000
166.33	1.00000
166.50	1.00000
166.67	1.00000
166.83	1.00000
167.00	1.00000
167.17	1.00000
167.33	1.00000
167.50	1.00000
167.67	1.00000
167.83	1.00000
168.00	1.00000
168.17	1.00000
168.33	1.00000
168.50	1.00000
168.67	1.00000
168.83	1.00000
169.00	1.00000
169.17	1.00000
169.33	1.00000
169.50	1.00000
169.67	1.00000
169.83	1.00000
170.00	1.00000
170.17	1.00000
170.33	1.00000
170.50	1.00000
170.67	1.00000
170.83	1.00000
171.00	1.00000
171.17	1.00000
171.33	1.00000
171.50	0.99677
171.67	1.00000
171.83	1.00000
172.00	1.00000
172.17	1.00000
172.33	1.00000
172.50	1.00000
172.67	1.00000
172.83	1.00000
173.00	1.00000
173.17	1.00000
173.33	1.00000
173.50	1.00000
173.67	1.00000
173.83	1.00000
174.00	1.00000
174.17	1.00000
174.33	1.00000
174.50	1.00000
174.67	1.00000
174.83	1.00000
175.00	1.00000
175.17	1.00000
175.33	1.00000
175.50	0.99677
175.67	1.00000
175.83	1.00000
176.00	1.00000
176.17	0.99677
176.33	0.99677
176.50	1.00000
176.67	1.00000
176.83	1.00000
177.00	1.00000
177.17	1.00000
177.33	1.00000
177.50	1.00000
177.67	1.00000
177.83	1.00000
178.00	1.00000
178.17	1.00000
178.33	1.00000
178.50	1.00000
178.67	1.00000
178.83	1.00000
179.00	1.00000
179.17	1.00000
179.33	1.00000
179.50	1.00000
179.67	1.00000
179.83	1.00000
180.00	1.00000
180.17	1.00000
180.33	1.00000
180.50	1.00000
180.67	1.00000
180.83	1.00000
181.00	1.00000
181.17	1.00000
181.33	1.00000
181.50	1.00000
181.67	1.00000
181.83	1.00000
182.00	1.00000
182.17	1.00000
182.33	1.00000
182.50	1.00000
182.67	1.00000
182.83	1.00000
183.00	1.00000
183.17	1.00000
183.33	1.00000
183.50	1.00000
183.67	1.00000
183.83	0.99673
184.00	1.00000
184.17	1.00000
184.33	1.00000
184.50	1.00000
184.67	1.00000
184.83	1.00000
185.00	1.00000
185.17	1.00000
185.33	1.00000
185.50	1.00000
185.67	1.00000
185.83	1.00000
186.00	1.00000
186.17	1.00000
186.33	1.00000
186.50	1.00000
186.67	1.00000
186.83	1.00000
187.00	1.00000
187.17	1.00000
187.33	1.00000
187.50	1.00000
187.67	1.00000
187.83	1.00000
188.00	1.00000
188.17	1.00000
188.33	1.00000
188.50	1.00000
188.67	1.00000
188.83	1.00000
189.00	1.00000
189.17	1.00000
189.33	1.00000
189.50	1.00000
189.67	1.00000
189.83	1.00000
190.00	1.00000
190.17	1.00000
190.33	1.00000
190.50	1.00000
190.67	1.00000
190.83	1.00000
191.00	1.00000
191.17	1.00000
191.33	1.00000
191.50	1.00000
191.67	1.00000
191.83	1.00000
192.00	1.00000
192.17	1.00000
192.33	1.00000
192.50	1.00000
192.67	1.00000
192.83	1.00000
193.00	1.00000
193.17	1.00000
193.33	1.00000
193.50	1.00000
193.67	1.00000
193.83	1.00000
194.00	1.00000
194.17	1.00000
194.33	1.00000
194.50	1.00000
194.67	1.00000
194.83	1.00000
195.00	1.00000
195.17	1.00000
195.33	1.00000
195.50	1.00000
195.67	1.00000
195.83	1.00000
196.00	1.00000
196.17	1.00000
196.33	1.00000
196.50	1.00000
196.67	1.00000
196.83	1.00000
197.00	1.00000
197.17	1.00000
197.33	0.99677
197.50	1.00000
197.67	1.00000
197.83	1.00000
198.00	1.00000
198.17	1.00000
198.33	1.00000
198.50	1.00000
198.67	1.00000
198.83	1.00000
199.00	1.00000
199.17	1.00000
199.33	1.00000
199.50	1.00000
199.67	1.00000
199.83	1.00000
