0.00	72.00000
0.33	61.54839
0.67	62.01299
1.00	50.19355
1.33	45.48387
1.67	46.68831
2.00	39.22580
2.33	38.00000
2.67	33.96104
3.00	31.54839
3.33	31.74193
3.67	32.98701
4.00	27.48387
4.33	29.93548
4.67	29.09091
5.00	30.70968
5.33	24.58065
5.67	24.35065
6.00	22.58064
6.33	21.80645
6.67	21.23377
7.00	20.19355
7.33	19.93548
7.67	21.10390
8.00	19.03226
8.33	18.51613
8.67	19.87013
9.00	17.09677
9.33	18.19355
9.67	17.66234
10.00	17.41936
10.33	16.45161
10.67	13.89610
11.00	15.09677
11.33	15.16129
11.67	15.19481
12.00	14.32258
12.33	15.09677
12.67	14.61039
13.00	15.22581
13.33	14.64516
13.67	12.07792
14.00	12.51613
14.33	11.03226
14.67	10.97403
15.00	12.12903
15.33	13.35484
15.67	11.16883
16.00	12.06452
16.33	13.03226
16.67	9.87013
17.00	10.45161
17.33	10.90323
17.67	10.58442
18.00	8.90323
18.33	9.93548
18.67	9.74026
19.00	9.54839
19.33	8.77419
19.67	9.35065
20.00	8.12903
20.33	9.61290
20.67	6.88312
21.00	8.25806
21.33	7.67742
21.67	7.92208
22.00	8.51613
22.33	7.61290
22.67	7.92208
23.00	7.93548
23.33	5.35484
23.67	6.75325
24.00	6.19355
24.33	7.48387
24.67	7.72727
25.00	5.93548
25.33	6.32258
25.67	5.32468
26.00	4.90323
26.33	6.06452
26.67	6.81818
27.00	3.87097
27.33	5.29032
27.67	5.51948
28.00	4.25806
28.33	4.83871
28.67	5.12987
29.00	5.03226
29.33	4.00000
29.67	4.41558
30.00	4.12903
30.33	4.58065
30.67	5.12987
31.00	4.06452
31.33	3.61290
31.67	4.02597
32.00	3.93548
32.33	4.83871
32.67	3.70130
33.00	4.70968
33.33	2.25806
33.67	3.76623
34.00	3.09677
34.33	4.06452
34.67	3.89610
35.00	3.16129
35.33	2.38710
35.67	3.37662
36.00	3.74194
36.33	3.87097
36.67	3.18182
37.00	2.32258
37.33	2.19355
37.67	2.46753
38.00	3.54839
38.33	1.80645
38.67	2.33766
39.00	1.74194
39.33	2.64516
39.67	2.72727
40.00	1.74194
40.33	1.74194
40.67	1.29870
41.00	1.54839
41.33	2.00000
41.67	3.31169
42.00	1.41935
42.33	1.61290
42.67	1.94805
43.00	2.00000
43.33	2.00000
43.67	1.68831
44.00	1.80645
44.33	1.61290
44.67	1.68831
45.00	2.19355
45.33	1.29032
45.67	1.36364
46.00	1.74194
46.33	0.96774
46.67	1.42857
47.00	1.29032
47.33	1.16129
47.67	1.36364
48.00	2.00000
48.33	1.74194
48.67	0.84416
49.00	1.09677
49.33	1.22581
49.67	1.36364
50.00	0.51613
50.33	1.03226
50.67	1.03896
51.00	1.16129
51.33	1.03226
51.67	0.84416
52.00	0.45161
52.33	0.58065
52.67	0.84416
53.00	0.64516
53.33	0.51613
53.67	0.32468
54.00	0.32258
54.33	0.64516
54.67	0.51948
55.00	0.25806
55.33	0.83871
55.67	0.19481
56.00	0.58065
56.33	0.51613
56.67	0.38961
57.00	1.09677
57.33	0.51613
57.67	0.32468
58.00	1.16129
58.33	0.64516
58.67	0.32468
59.00	0.19355
59.33	0.25806
59.67	0.45455
60.00	0.19355
60.33	0.06452
60.67	0.51948
61.00	0.45161
61.33	0.25806
61.67	0.25974
62.00	0.51613
62.33	0.51613
62.67	0.58442
63.00	0.64516
63.33	0.45161
63.67	0.19481
64.00	0.45161
64.33	0.51613
64.67	0.97403
65.00	0.77419
65.33	0.19355
65.67	0.32468
66.00	0.19355
66.33	0.12903
66.67	0.25974
67.00	0.19355
67.33	0.19355
67.67	0.45455
68.00	0.12903
68.33	0.38710
68.67	0.32468
69.00	0.25806
69.33	0.00000
69.67	0.19481
70.00	0.19355
70.33	0.12903
70.67	0.06494
71.00	0.25806
71.33	0.12903
71.67	0.19481
72.00	0.12903
72.33	0.06452
72.67	0.25974
73.00	0.06452
73.33	0.00000
73.67	0.00000
74.00	0.00000
74.33	0.51613
74.67	0.19481
75.00	0.25806
75.33	0.12903
75.67	0.12987
76.00	0.12903
76.33	0.06452
76.67	0.06494
77.00	0.06452
77.33	0.19355
77.67	0.45455
78.00	0.06452
78.33	0.00000
78.67	0.06494
79.00	0.00000
79.33	0.06452
79.67	0.00000
80.00	0.19355
80.33	0.00000
80.67	0.00000
81.00	0.06452
81.33	0.12903
81.67	0.00000
82.00	0.06452
82.33	0.25806
82.67	0.12987
83.00	0.06452
83.33	0.00000
83.67	0.06494
84.00	0.00000
84.33	0.00000
84.67	0.00000
85.00	0.12903
85.33	0.00000
85.67	0.06494
86.00	0.19355
86.33	0.06452
86.67	0.06494
87.00	0.00000
87.33	0.00000
87.67	0.06494
88.00	0.12903
88.33	0.00000
88.67	0.06494
89.00	0.06452
89.33	0.00000
89.67	0.00000
90.00	0.00000
90.33	0.00000
90.67	0.06494
91.00	0.06452
91.33	0.06452
91.67	0.00000
92.00	0.00000
92.33	0.12903
92.67	0.12987
93.00	0.00000
93.33	0.06452
93.67	0.19481
94.00	0.00000
94.33	0.00000
94.67	0.00000
95.00	0.00000
95.33	0.00000
95.67	0.06494
96.00	0.06452
96.33	0.00000
96.67	0.06494
97.00	0.06452
97.33	0.00000
97.67	0.06494
98.00	0.00000
98.33	0.00000
98.67	0.00000
99.00	0.00000
99.33	0.06452
99.67	0.00000
100.00	0.00000
100.33	0.06452
100.67	0.00000
101.00	0.06452
101.33	0.00000
101.67	0.00000
102.00	0.00000
102.33	0.00000
102.67	0.00000
103.00	0.00000
103.33	0.00000
103.67	0.00000
104.00	0.06452
104.33	0.00000
104.67	0.12987
105.00	0.12903
105.33	0.06452
105.67	0.06494
106.00	0.00000
106.33	0.00000
106.67	0.00000
107.00	0.00000
107.33	0.00000
107.67	0.00000
108.00	0.00000
108.33	0.12903
108.67	0.00000
109.00	0.00000
109.33	0.00000
109.67	0.00000
110.00	0.00000
110.33	0.00000
110.67	0.00000
111.00	0.00000
111.33	0.00000
111.67	0.00000
112.00	0.00000
112.33	0.06452
112.67	0.06494
113.00	0.19355
113.33	0.00000
113.67	0.00000
114.00	0.12903
114.33	0.00000
114.67	0.00000
115.00	0.00000
115.33	0.00000
115.67	0.00000
116.00	0.00000
116.33	0.00000
116.67	0.58442
117.00	0.06452
117.33	0.00000
117.67	0.00000
118.00	0.00000
118.33	0.00000
118.67	0.00000
119.00	0.06452
119.33	0.00000
119.67	0.00000
120.00	0.00000
120.33	0.00000
120.67	0.00000
121.00	0.00000
121.33	0.00000
121.67	0.00000
122.00	0.00000
122.33	0.00000
122.67	0.00000
123.00	0.00000
123.33	0.00000
123.67	0.00000
124.00	0.00000
124.33	0.00000
124.67	0.00000
125.00	0.00000
125.33	0.00000
125.67	0.00000
126.00	0.00000
126.33	0.00000
126.67	0.00000
127.00	0.00000
127.33	0.00000
127.67	0.00000
128.00	0.00000
128.33	0.00000
128.67	0.00000
129.00	0.00000
129.33	0.00000
129.67	0.00000
130.00	0.00000
130.33	0.00000
130.67	0.00000
131.00	0.00000
131.33	0.00000
131.67	0.00000
132.00	0.00000
132.33	0.00000
132.67	0.00000
133.00	0.00000
133.33	0.00000
133.67	0.00000
134.00	0.00000
134.33	0.00000
134.67	0.00000
135.00	0.00000
135.33	0.00000
135.67	0.00000
136.00	0.00000
136.33	0.00000
136.67	0.00000
137.00	0.00000
137.33	0.00000
137.67	0.00000
138.00	0.00000
138.33	0.00000
138.67	0.00000
139.00	0.00000
139.33	0.00000
139.67	0.00000
140.00	0.00000
140.33	0.00000
140.67	0.00000
141.00	0.00000
141.33	0.00000
141.67	0.00000
142.00	0.00000
142.33	0.00000
142.67	0.00000
143.00	0.00000
143.33	0.00000
143.67	0.00000
144.00	0.00000
144.33	0.00000
144.67	0.00000
145.00	0.00000
145.33	0.00000
145.67	0.00000
146.00	0.00000
146.33	0.00000
146.67	0.00000
147.00	0.00000
147.33	0.06452
147.67	0.00000
148.00	0.00000
148.33	0.00000
148.67	0.00000
149.00	0.00000
149.33	0.00000
149.67	0.00000
150.00	0.00000
150.33	0.00000
150.67	0.00000
151.00	0.00000
151.33	0.00000
151.67	0.00000
152.00	0.00000
152.33	0.00000
152.67	0.00000
153.00	0.00000
153.33	0.00000
153.67	0.00000
154.00	0.00000
154.33	0.00000
154.67	0.00000
155.00	0.00000
155.33	0.00000
155.67	0.00000
156.00	0.00000
156.33	0.00000
156.67	0.00000
157.00	0.00000
157.33	0.00000
157.67	0.00000
158.00	0.00000
158.33	0.00000
158.67	0.00000
159.00	0.00000
159.33	0.00000
159.67	0.00000
160.00	0.00000
160.33	0.00000
160.67	0.00000
161.00	0.00000
161.33	0.00000
161.67	0.00000
162.00	0.00000
162.33	0.00000
162.67	0.00000
163.00	0.00000
163.33	0.00000
163.67	0.00000
164.00	0.00000
164.33	0.00000
164.67	0.00000
165.00	0.00000
165.33	0.00000
165.67	0.00000
166.00	0.00000
166.33	0.00000
166.67	0.00000
167.00	0.00000
167.33	0.00000
167.67	0.00000
168.00	0.00000
168.33	0.00000
168.67	0.00000
169.00	0.00000
169.33	0.00000
169.67	0.00000
170.00	0.00000
170.33	0.00000
170.67	0.00000
171.00	0.00000
171.33	0.00000
171.67	0.00000
172.00	0.00000
172.33	0.00000
172.67	0.00000
173.00	0.00000
173.33	0.00000
173.67	0.00000
174.00	0.00000
174.33	0.12903
174.67	0.00000
175.00	0.00000
175.33	0.00000
175.67	0.00000
176.00	0.00000
176.33	0.00000
176.67	0.00000
177.00	0.00000
177.33	0.00000
177.67	0.00000
178.00	0.00000
178.33	0.00000
178.67	0.00000
179.00	0.00000
179.33	0.00000
179.67	0.00000
180.00	0.00000
180.33	0.00000
180.67	0.00000
181.00	0.00000
181.33	0.00000
181.67	0.00000
182.00	0.00000
182.33	0.00000
182.67	0.00000
183.00	0.00000
183.33	0.00000
183.67	0.00000
184.00	0.00000
184.33	0.00000
184.67	0.00000
185.00	0.00000
185.33	0.00000
185.67	0.00000
186.00	0.00000
186.33	0.00000
186.67	0.00000
187.00	0.00000
187.33	0.00000
187.67	0.00000
188.00	0.06452
188.33	0.00000
188.67	0.00000
189.00	0.00000
189.33	0.00000
189.67	0.00000
190.00	0.00000
190.33	0.00000
190.67	0.00000
191.00	0.00000
191.33	0.00000
191.67	0.00000
192.00	0.00000
192.33	0.00000
192.67	0.00000
193.00	0.00000
193.33	0.00000
193.67	0.00000
194.00	0.00000
194.33	0.00000
194.67	0.00000
195.00	0.00000
195.33	0.00000
195.67	0.00000
196.00	0.00000
196.33	0.00000
196.67	0.00000
197.00	0.00000
197.33	0.00000
197.67	0.00000
198.00	0.00000
198.33	0.00000
198.67	0.00000
199.00	0.00000
199.33	0.00000
199.67	0.00000
