0.00	0.10323
0.33	0.10968
0.67	0.12338
1.00	0.15806
1.33	0.20968
1.67	0.21753
2.00	0.22581
2.33	0.31290
2.67	0.31494
3.00	0.30645
3.33	0.30645
3.67	0.32143
4.00	0.38065
4.33	0.33226
4.67	0.35065
5.00	0.38710
5.33	0.36774
5.67	0.41558
6.00	0.40645
6.33	0.42581
6.67	0.45455
7.00	0.40323
7.33	0.41935
7.67	0.44805
8.00	0.43548
8.33	0.49032
8.67	0.47078
9.00	0.49677
9.33	0.45484
9.67	0.46753
10.00	0.45161
10.33	0.45161
10.67	0.52922
11.00	0.50968
11.33	0.56129
11.67	0.55519
12.00	0.54194
12.33	0.49355
12.67	0.55195
13.00	0.55806
13.33	0.58710
13.67	0.59740
14.00	0.61290
14.33	0.58065
14.67	0.58766
15.00	0.61613
15.33	0.64194
15.67	0.64610
16.00	0.66452
16.33	0.58387
16.67	0.60065
17.00	0.68387
17.33	0.63548
17.67	0.65909
18.00	0.66774
18.33	0.63871
18.67	0.67532
19.00	0.67742
19.33	0.68710
19.67	0.67532
20.00	0.72903
20.33	0.74839
20.67	0.75000
21.00	0.74194
21.33	0.70645
21.67	0.70455
22.00	0.70323
22.33	0.70000
22.67	0.71753
23.00	0.78710
23.33	0.72258
23.67	0.76299
24.00	0.75484
24.33	0.74194
24.67	0.79870
25.00	0.77097
25.33	0.77742
25.67	0.79545
26.00	0.78065
26.33	0.75484
26.67	0.79545
27.00	0.80000
27.33	0.80323
27.67	0.76299
28.00	0.87097
28.33	0.81613
28.67	0.79221
29.00	0.83226
29.33	0.79355
29.67	0.83442
30.00	0.80968
30.33	0.82258
30.67	0.82792
31.00	0.83226
31.33	0.84839
31.67	0.83766
32.00	0.84194
32.33	0.86774
32.67	0.86688
33.00	0.85806
33.33	0.85161
33.67	0.83766
34.00	0.84516
34.33	0.88065
34.67	0.85390
35.00	0.86452
35.33	0.89677
35.67	0.84740
36.00	0.88387
36.33	0.90000
36.67	0.86688
37.00	0.88710
37.33	0.86774
37.67	0.88636
38.00	0.90645
38.33	0.90323
38.67	0.89935
39.00	0.89677
39.33	0.92258
39.67	0.90909
40.00	0.91935
40.33	0.91613
40.67	0.90909
41.00	0.93226
41.33	0.88065
41.67	0.89610
42.00	0.93548
42.33	0.92903
42.67	0.92208
43.00	0.90323
43.33	0.91935
43.67	0.94805
44.00	0.91613
44.33	0.93226
44.67	0.93182
45.00	0.95161
45.33	0.91935
45.67	0.92857
46.00	0.91935
46.33	0.94516
46.67	0.93182
47.00	0.96452
47.33	0.95806
47.67	0.92857
48.00	0.94516
48.33	0.93226
48.67	0.95779
49.00	0.94839
49.33	0.95161
49.67	0.95130
50.00	0.94516
50.33	0.96129
50.67	0.95779
51.00	0.94516
51.33	0.95161
51.67	0.95779
52.00	0.95806
52.33	0.95161
52.67	0.96753
53.00	0.95161
53.33	0.96452
53.67	0.97078
54.00	0.96774
54.33	0.96452
54.67	0.96429
55.00	0.97742
55.33	0.97419
55.67	0.95455
56.00	0.96129
56.33	0.98065
56.67	0.95455
57.00	0.96452
57.33	0.98387
57.67	0.97078
58.00	0.97419
58.33	0.97419
58.67	0.97078
59.00	0.97742
59.33	0.98065
59.67	0.98701
60.00	0.97419
60.33	0.98065
60.67	0.99675
61.00	0.97419
61.33	0.97742
61.67	0.98377
62.00	0.98387
62.33	0.98387
62.67	0.97727
63.00	0.98710
63.33	0.98387
63.67	0.99351
64.00	0.99032
64.33	0.98065
64.67	0.98701
65.00	0.98710
65.33	0.99355
65.67	0.99351
66.00	0.99032
66.33	0.99677
66.67	0.98377
67.00	0.99355
67.33	0.97742
67.67	0.98377
68.00	0.98065
68.33	0.97742
68.67	0.99026
69.00	0.98710
69.33	0.98710
69.67	0.99026
70.00	0.98065
70.33	0.99355
70.67	0.99351
71.00	0.99032
71.33	0.98387
71.67	0.98377
72.00	0.99032
72.33	0.99032
72.67	0.98701
73.00	1.00000
73.33	0.99355
73.67	0.98701
74.00	0.99032
74.33	0.99032
74.67	0.99675
75.00	0.98710
75.33	0.99677
75.67	0.99026
76.00	1.00000
76.33	0.99032
76.67	0.99026
77.00	0.99677
77.33	0.98387
77.67	1.00000
78.00	0.99677
78.33	0.98387
78.67	0.99026
79.00	0.99355
79.33	1.00000
79.67	0.99026
80.00	0.99032
80.33	1.00000
80.67	0.99351
81.00	0.99677
81.33	0.99677
81.67	1.00000
82.00	0.99677
82.33	0.99677
82.67	0.99675
83.00	0.99677
83.33	0.99355
83.67	0.98377
84.00	0.99355
84.33	0.99355
84.67	1.00000
85.00	0.99677
85.33	0.99677
85.67	0.99675
86.00	0.99677
86.33	0.99677
86.67	1.00000
87.00	0.99677
87.33	0.99677
87.67	1.00000
88.00	0.99677
88.33	0.99677
88.67	1.00000
89.00	0.99355
89.33	1.00000
89.67	0.99675
90.00	0.99355
90.33	1.00000
90.67	0.99675
91.00	1.00000
91.33	1.00000
91.67	0.99675
92.00	1.00000
92.33	1.00000
92.67	1.00000
93.00	1.00000
93.33	1.00000
93.67	0.99351
94.00	1.00000
94.33	1.00000
94.67	1.00000
95.00	1.00000
95.33	1.00000
95.67	0.99675
96.00	0.99677
96.33	1.00000
96.67	0.99675
97.00	0.99677
97.33	1.00000
97.67	0.99351
98.00	1.00000
98.33	1.00000
98.67	0.99675
99.00	1.00000
99.33	1.00000
99.67	0.99675
100.00	0.99677
100.33	0.99677
100.67	0.99675
101.00	1.00000
101.33	1.00000
101.67	0.99675
102.00	1.00000
102.33	0.99677
102.67	1.00000
103.00	1.00000
103.33	1.00000
103.67	0.99675
104.00	1.00000
104.33	1.00000
104.67	1.00000
105.00	0.99355
105.33	1.00000
105.67	1.00000
106.00	1.00000
106.33	1.00000
106.67	1.00000
107.00	1.00000
107.33	0.99355
107.67	0.99351
108.00	1.00000
108.33	1.00000
108.67	1.00000
109.00	0.99677
109.33	1.00000
109.67	0.99675
110.00	1.00000
110.33	1.00000
110.67	0.99675
111.00	0.99677
111.33	1.00000
111.67	1.00000
112.00	0.99677
112.33	1.00000
112.67	1.00000
113.00	1.00000
113.33	1.00000
113.67	1.00000
114.00	1.00000
114.33	1.00000
114.67	1.00000
115.00	1.00000
115.33	1.00000
115.67	1.00000
116.00	1.00000
116.33	1.00000
116.67	0.99351
117.00	1.00000
117.33	1.00000
117.67	0.99675
118.00	1.00000
118.33	1.00000
118.67	1.00000
119.00	1.00000
119.33	1.00000
119.67	1.00000
120.00	1.00000
120.33	1.00000
120.67	1.00000
121.00	0.99677
121.33	1.00000
121.67	1.00000
122.00	1.00000
122.33	1.00000
122.67	1.00000
123.00	1.00000
123.33	1.00000
123.67	1.00000
124.00	1.00000
124.33	1.00000
124.67	1.00000
125.00	1.00000
125.33	0.99677
125.67	1.00000
126.00	1.00000
126.33	1.00000
126.67	1.00000
127.00	1.00000
127.33	1.00000
127.67	1.00000
128.00	1.00000
128.33	1.00000
128.67	1.00000
129.00	1.00000
129.33	1.00000
129.67	1.00000
130.00	1.00000
130.33	1.00000
130.67	1.00000
131.00	1.00000
131.33	1.00000
131.67	1.00000
132.00	1.00000
132.33	0.99677
132.67	1.00000
133.00	1.00000
133.33	1.00000
133.67	1.00000
134.00	1.00000
134.33	1.00000
134.67	1.00000
135.00	1.00000
135.33	1.00000
135.67	1.00000
136.00	1.00000
136.33	1.00000
136.67	1.00000
137.00	1.00000
137.33	1.00000
137.67	1.00000
138.00	1.00000
138.33	1.00000
138.67	1.00000
139.00	1.00000
139.33	1.00000
139.67	1.00000
140.00	1.00000
140.33	1.00000
140.67	1.00000
141.00	1.00000
141.33	1.00000
141.67	0.99351
142.00	1.00000
142.33	1.00000
142.67	0.99675
143.00	1.00000
143.33	0.99677
143.67	1.00000
144.00	0.99677
144.33	1.00000
144.67	1.00000
145.00	1.00000
145.33	1.00000
145.67	1.00000
146.00	0.99677
146.33	1.00000
146.67	1.00000
147.00	1.00000
147.33	1.00000
147.67	0.99675
148.00	1.00000
148.33	1.00000
148.67	1.00000
149.00	0.99677
149.33	1.00000
149.67	1.00000
150.00	1.00000
150.33	1.00000
150.67	1.00000
151.00	1.00000
151.33	1.00000
151.67	1.00000
152.00	1.00000
152.33	1.00000
152.67	1.00000
153.00	1.00000
153.33	1.00000
153.67	1.00000
154.00	1.00000
154.33	1.00000
154.67	1.00000
155.00	1.00000
155.33	1.00000
155.67	1.00000
156.00	1.00000
156.33	1.00000
156.67	1.00000
157.00	1.00000
157.33	1.00000
157.67	1.00000
158.00	1.00000
158.33	1.00000
158.67	1.00000
159.00	1.00000
159.33	1.00000
159.67	1.00000
160.00	1.00000
160.33	1.00000
160.67	1.00000
161.00	1.00000
161.33	1.00000
161.67	1.00000
162.00	1.00000
162.33	1.00000
162.67	1.00000
163.00	1.00000
163.33	1.00000
163.67	1.00000
164.00	1.00000
164.33	1.00000
164.67	1.00000
165.00	1.00000
165.33	1.00000
165.67	1.00000
166.00	1.00000
166.33	1.00000
166.67	1.00000
167.00	1.00000
167.33	1.00000
167.67	1.00000
168.00	1.00000
168.33	1.00000
168.67	1.00000
169.00	1.00000
169.33	1.00000
169.67	1.00000
170.00	1.00000
170.33	0.99677
170.67	1.00000
171.00	1.00000
171.33	1.00000
171.67	1.00000
172.00	1.00000
172.33	1.00000
172.67	1.00000
173.00	1.00000
173.33	1.00000
173.67	1.00000
174.00	1.00000
174.33	1.00000
174.67	1.00000
175.00	1.00000
175.33	1.00000
175.67	1.00000
176.00	1.00000
176.33	1.00000
176.67	1.00000
177.00	1.00000
177.33	1.00000
177.67	1.00000
178.00	1.00000
178.33	1.00000
178.67	1.00000
179.00	1.00000
179.33	1.00000
179.67	1.00000
180.00	1.00000
180.33	1.00000
180.67	1.00000
181.00	1.00000
181.33	1.00000
181.67	1.00000
182.00	1.00000
182.33	1.00000
182.67	1.00000
183.00	1.00000
183.33	1.00000
183.67	1.00000
184.00	1.00000
184.33	0.99677
184.67	1.00000
185.00	1.00000
185.33	1.00000
185.67	1.00000
186.00	1.00000
186.33	1.00000
186.67	1.00000
187.00	1.00000
187.33	1.00000
187.67	1.00000
188.00	1.00000
188.33	1.00000
188.67	1.00000
189.00	1.00000
189.33	1.00000
189.67	1.00000
190.00	1.00000
190.33	1.00000
190.67	1.00000
191.00	1.00000
191.33	1.00000
191.67	1.00000
192.00	1.00000
192.33	1.00000
192.67	1.00000
193.00	1.00000
193.33	1.00000
193.67	1.00000
194.00	1.00000
194.33	1.00000
194.67	1.00000
195.00	1.00000
195.33	1.00000
195.67	1.00000
196.00	1.00000
196.33	1.00000
196.67	1.00000
197.00	1.00000
197.33	1.00000
197.67	1.00000
198.00	1.00000
198.33	1.00000
198.67	1.00000
199.00	1.00000
199.33	1.00000
199.67	1.00000
