0.00	70.96774
0.33	65.48387
0.67	62.01299
1.00	53.41936
1.33	44.38710
1.67	46.23377
2.00	41.54839
2.33	35.16129
2.67	37.33766
3.00	35.41935
3.33	33.09678
3.67	31.03896
4.00	28.12903
4.33	28.38710
4.67	29.80519
5.00	26.58064
5.33	26.25806
5.67	22.92208
6.00	22.83871
6.33	25.93548
6.67	21.36364
7.00	24.90322
7.33	21.09677
7.67	21.16883
8.00	21.03226
8.33	18.06452
8.67	18.76623
9.00	20.51613
9.33	20.70968
9.67	18.05195
10.00	19.54839
10.33	19.87097
10.67	15.45455
11.00	18.00000
11.33	15.54839
11.67	14.15584
12.00	15.03226
12.33	17.03226
12.67	15.38961
13.00	14.96774
13.33	12.45161
13.67	14.93507
14.00	14.12903
14.33	13.09677
14.67	12.07792
15.00	11.16129
15.33	12.00000
15.67	12.01299
16.00	10.06452
16.33	13.54839
16.67	12.33766
17.00	9.93548
17.33	11.87097
17.67	10.84416
18.00	11.22581
18.33	11.93548
18.67	9.09091
19.00	8.96774
19.33	10.12903
19.67	10.25974
20.00	8.38710
20.33	7.80645
20.67	7.20779
21.00	6.90323
21.33	8.96774
21.67	9.35065
22.00	10.32258
22.33	8.12903
22.67	8.57143
23.00	6.51613
23.33	8.64516
23.67	6.94805
24.00	6.83871
24.33	8.12903
24.67	5.38961
25.00	6.06452
25.33	8.12903
25.67	6.94805
26.00	6.45161
26.33	7.29032
26.67	5.58442
27.00	6.00000
27.33	5.61290
27.67	6.49351
28.00	4.06452
28.33	5.41935
28.67	6.10390
29.00	4.64516
29.33	5.48387
29.67	4.54545
30.00	4.83871
30.33	5.80645
30.67	4.35065
31.00	5.03226
31.33	3.87097
31.67	4.22078
32.00	4.45161
32.33	4.32258
32.67	3.37662
33.00	4.12903
33.33	4.64516
33.67	4.09091
34.00	4.51613
34.33	3.74194
34.67	4.48052
35.00	3.80645
35.33	2.64516
35.67	4.41558
36.00	2.70968
36.33	3.16129
36.67	4.28571
37.00	3.29032
37.33	3.61290
37.67	3.05195
38.00	2.90323
38.33	3.61290
38.67	2.85714
39.00	2.45161
39.33	1.61290
39.67	2.33766
40.00	2.06452
40.33	2.64516
40.67	2.53247
41.00	1.61290
41.33	3.09677
41.67	3.31169
42.00	1.48387
42.33	1.61290
42.67	1.94805
43.00	2.58065
43.33	2.51613
43.67	1.55844
44.00	2.06452
44.33	1.35484
44.67	2.20779
45.00	1.16129
45.33	2.38710
45.67	2.53247
46.00	2.70968
46.33	1.61290
46.67	1.88312
47.00	0.77419
47.33	1.03226
47.67	2.20779
48.00	1.16129
48.33	2.00000
48.67	1.42857
49.00	1.41935
49.33	0.96774
49.67	1.23377
50.00	1.22581
50.33	1.09677
50.67	1.29870
51.00	1.29032
51.33	1.93548
51.67	0.84416
52.00	1.03226
52.33	1.09677
52.67	1.36364
53.00	1.03226
53.33	0.70968
53.67	0.58442
54.00	0.83871
54.33	0.77419
54.67	0.90909
55.00	0.51613
55.33	0.90323
55.67	1.55844
56.00	0.83871
56.33	0.38710
56.67	1.55844
57.00	1.22581
57.33	0.38710
57.67	1.10390
58.00	0.96774
58.33	0.51613
58.67	0.64935
59.00	0.90323
59.33	0.38710
59.67	0.58442
60.00	1.03226
60.33	0.77419
60.67	0.06494
61.00	0.64516
61.33	0.45161
61.67	0.71429
62.00	0.38710
62.33	0.58065
62.67	0.58442
63.00	0.25806
63.33	0.38710
63.67	0.51948
64.00	0.19355
64.33	0.45161
64.67	0.45455
65.00	0.38710
65.33	0.12903
65.67	0.19481
66.00	0.19355
66.33	0.06452
66.67	0.45455
67.00	0.25806
67.33	0.70968
67.67	0.38961
68.00	0.38710
68.33	0.70968
68.67	0.45455
69.00	0.38710
69.33	0.25806
69.67	0.32468
70.00	0.38710
70.33	0.19355
70.67	0.12987
71.00	0.38710
71.33	0.32258
71.67	0.45455
72.00	0.25806
72.33	0.51613
72.67	0.38961
73.00	0.00000
73.33	0.12903
73.67	0.64935
74.00	0.19355
74.33	0.25806
74.67	0.06494
75.00	0.64516
75.33	0.12903
75.67	0.19481
76.00	0.00000
76.33	0.19355
76.67	0.19481
77.00	0.06452
77.33	0.83871
77.67	0.00000
78.00	0.12903
78.33	0.77419
78.67	0.19481
79.00	0.12903
79.33	0.00000
79.67	0.19481
80.00	0.25806
80.33	0.00000
80.67	0.12987
81.00	0.06452
81.33	0.06452
81.67	0.00000
82.00	0.06452
82.33	0.38710
82.67	0.06494
83.00	0.06452
83.33	0.12903
83.67	0.38961
84.00	0.12903
84.33	0.19355
84.67	0.00000
85.00	0.06452
85.33	0.06452
85.67	0.06494
86.00	0.19355
86.33	0.06452
86.67	0.00000
87.00	0.12903
87.33	0.06452
87.67	0.00000
88.00	0.06452
88.33	0.06452
88.67	0.00000
89.00	0.12903
89.33	0.00000
89.67	0.12987
90.00	0.19355
90.33	0.00000
90.67	0.06494
91.00	0.00000
91.33	0.00000
91.67	0.06494
92.00	0.00000
92.33	0.00000
92.67	0.00000
93.00	0.00000
93.33	0.00000
93.67	0.12987
94.00	0.00000
94.33	0.00000
94.67	0.00000
95.00	0.00000
95.33	0.00000
95.67	0.06494
96.00	0.06452
96.33	0.00000
96.67	0.12987
97.00	0.12903
97.33	0.00000
97.67	0.12987
98.00	0.00000
98.33	0.00000
98.67	0.06494
99.00	0.00000
99.33	0.00000
99.67	0.38961
100.00	0.12903
100.33	0.06452
100.67	0.06494
101.00	0.00000
101.33	0.00000
101.67	0.06494
102.00	0.00000
102.33	0.12903
102.67	0.00000
103.00	0.00000
103.33	0.00000
103.67	0.51948
104.00	0.00000
104.33	0.00000
104.67	0.00000
105.00	0.12903
105.33	0.00000
105.67	0.00000
106.00	0.00000
106.33	0.00000
106.67	0.00000
107.00	0.00000
107.33	0.12903
107.67	0.25974
108.00	0.00000
108.33	0.00000
108.67	0.00000
109.00	0.06452
109.33	0.00000
109.67	0.19481
110.00	0.00000
110.33	0.00000
110.67	0.06494
111.00	0.06452
111.33	0.00000
111.67	0.00000
112.00	0.06452
112.33	0.00000
112.67	0.00000
113.00	0.00000
113.33	0.00000
113.67	0.00000
114.00	0.00000
114.33	0.00000
114.67	0.00000
115.00	0.00000
115.33	0.00000
115.67	0.00000
116.00	0.00000
116.33	0.00000
116.67	0.19481
117.00	0.00000
117.33	0.00000
117.67	0.06494
118.00	0.00000
118.33	0.00000
118.67	0.00000
119.00	0.00000
119.33	0.00000
119.67	0.00000
120.00	0.00000
120.33	0.00000
120.67	0.00000
121.00	0.06452
121.33	0.00000
121.67	0.00000
122.00	0.00000
122.33	0.00000
122.67	0.00000
123.00	0.00000
123.33	0.00000
123.67	0.00000
124.00	0.00000
124.33	0.00000
124.67	0.00000
125.00	0.00000
125.33	0.19355
125.67	0.00000
126.00	0.00000
126.33	0.00000
126.67	0.00000
127.00	0.00000
127.33	0.00000
127.67	0.00000
128.00	0.00000
128.33	0.00000
128.67	0.00000
129.00	0.00000
129.33	0.00000
129.67	0.00000
130.00	0.00000
130.33	0.00000
130.67	0.00000
131.00	0.00000
131.33	0.00000
131.67	0.00000
132.00	0.00000
132.33	0.06452
132.67	0.00000
133.00	0.00000
133.33	0.00000
133.67	0.00000
134.00	0.00000
134.33	0.00000
134.67	0.00000
135.00	0.00000
135.33	0.00000
135.67	0.00000
136.00	0.00000
136.33	0.00000
136.67	0.00000
137.00	0.00000
137.33	0.00000
137.67	0.00000
138.00	0.00000
138.33	0.00000
138.67	0.00000
139.00	0.00000
139.33	0.00000
139.67	0.00000
140.00	0.00000
140.33	0.00000
140.67	0.00000
141.00	0.00000
141.33	0.00000
141.67	0.25974
142.00	0.00000
142.33	0.00000
142.67	0.06494
143.00	0.00000
143.33	0.06452
143.67	0.00000
144.00	0.06452
144.33	0.00000
144.67	0.00000
145.00	0.00000
145.33	0.00000
145.67	0.00000
146.00	0.06452
146.33	0.00000
146.67	0.00000
147.00	0.00000
147.33	0.00000
147.67	0.06494
148.00	0.00000
148.33	0.00000
148.67	0.00000
149.00	0.06452
149.33	0.00000
149.67	0.00000
150.00	0.00000
150.33	0.00000
150.67	0.00000
151.00	0.00000
151.33	0.00000
151.67	0.00000
152.00	0.00000
152.33	0.00000
152.67	0.00000
153.00	0.00000
153.33	0.00000
153.67	0.00000
154.00	0.00000
154.33	0.00000
154.67	0.00000
155.00	0.00000
155.33	0.00000
155.67	0.00000
156.00	0.00000
156.33	0.00000
156.67	0.00000
157.00	0.00000
157.33	0.00000
157.67	0.00000
158.00	0.00000
158.33	0.00000
158.67	0.00000
159.00	0.00000
159.33	0.00000
159.67	0.00000
160.00	0.00000
160.33	0.00000
160.67	0.00000
161.00	0.00000
161.33	0.00000
161.67	0.00000
162.00	0.00000
162.33	0.00000
162.67	0.00000
163.00	0.00000
163.33	0.00000
163.67	0.00000
164.00	0.00000
164.33	0.00000
164.67	0.00000
165.00	0.00000
165.33	0.00000
165.67	0.00000
166.00	0.00000
166.33	0.00000
166.67	0.00000
167.00	0.00000
167.33	0.00000
167.67	0.00000
168.00	0.00000
168.33	0.00000
168.67	0.00000
169.00	0.00000
169.33	0.00000
169.67	0.00000
170.00	0.00000
170.33	0.06452
170.67	0.00000
171.00	0.00000
171.33	0.00000
171.67	0.00000
172.00	0.00000
172.33	0.00000
172.67	0.00000
173.00	0.00000
173.33	0.00000
173.67	0.00000
174.00	0.00000
174.33	0.00000
174.67	0.00000
175.00	0.00000
175.33	0.00000
175.67	0.00000
176.00	0.00000
176.33	0.00000
176.67	0.00000
177.00	0.00000
177.33	0.00000
177.67	0.00000
178.00	0.00000
178.33	0.00000
178.67	0.00000
179.00	0.00000
179.33	0.00000
179.67	0.00000
180.00	0.00000
180.33	0.00000
180.67	0.00000
181.00	0.00000
181.33	0.00000
181.67	0.00000
182.00	0.00000
182.33	0.00000
182.67	0.00000
183.00	0.00000
183.33	0.00000
183.67	0.00000
184.00	0.00000
184.33	0.06452
184.67	0.00000
185.00	0.00000
185.33	0.00000
185.67	0.00000
186.00	0.00000
186.33	0.00000
186.67	0.00000
187.00	0.00000
187.33	0.00000
187.67	0.00000
188.00	0.00000
188.33	0.00000
188.67	0.00000
189.00	0.00000
189.33	0.00000
189.67	0.00000
190.00	0.00000
190.33	0.00000
190.67	0.00000
191.00	0.00000
191.33	0.00000
191.67	0.00000
192.00	0.00000
192.33	0.00000
192.67	0.00000
193.00	0.00000
193.33	0.00000
193.67	0.00000
194.00	0.00000
194.33	0.00000
194.67	0.00000
195.00	0.00000
195.33	0.00000
195.67	0.00000
196.00	0.00000
196.33	0.00000
196.67	0.00000
197.00	0.00000
197.33	0.00000
197.67	0.00000
198.00	0.00000
198.33	0.00000
198.67	0.00000
199.00	0.00000
199.33	0.00000
199.67	0.00000
