0.00	67.22581
0.17	63.61290
0.33	60.77419
0.50	52.70967
0.67	50.38710
0.83	44.50981
1.00	46.38710
1.17	40.77419
1.33	39.74194
1.50	36.25806
1.67	35.22581
1.83	38.30066
2.00	34.32258
2.17	29.87097
2.33	29.22581
2.50	34.77419
2.67	31.87097
2.83	29.73856
3.00	29.74194
3.17	28.32258
3.33	26.45161
3.50	26.38710
3.67	23.41935
3.83	28.36601
4.00	25.09678
4.17	21.80645
4.33	23.48387
4.50	22.19355
4.67	25.41935
4.83	22.48366
5.00	23.09677
5.17	20.77419
5.33	22.51613
5.50	19.48387
5.67	20.00000
5.83	15.88235
6.00	21.61290
6.17	20.45161
6.33	18.90322
6.50	18.00000
6.67	16.38710
6.83	16.20915
7.00	18.90322
7.17	15.67742
7.33	17.22581
7.50	18.12903
7.67	16.58064
7.83	16.40523
8.00	16.25806
8.17	16.45161
8.33	14.90323
8.50	14.12903
8.67	16.45161
8.83	14.83660
9.00	14.90323
9.17	14.64516
9.33	12.96774
9.50	15.16129
9.67	12.83871
9.83	14.50980
10.00	14.38710
10.17	14.12903
10.33	12.45161
10.50	11.87097
10.67	11.93548
10.83	13.98693
11.00	14.77419
11.17	10.45161
11.33	12.25806
11.50	11.61290
11.67	10.83871
11.83	11.17647
12.00	10.58064
12.17	12.77419
12.33	10.77419
12.50	10.12903
12.67	11.29032
12.83	9.15033
13.00	11.61290
13.17	10.70968
13.33	9.54839
13.50	10.90323
13.67	10.90323
13.83	9.34641
14.00	9.22581
14.17	9.16129
14.33	8.38710
14.50	10.70968
14.67	10.06452
14.83	8.23529
15.00	9.22581
15.17	9.74193
15.33	10.51613
15.50	10.32258
15.67	7.80645
15.83	9.28105
16.00	8.51613
16.17	8.32258
16.33	8.19355
16.50	9.48387
16.67	8.45161
16.83	7.18954
17.00	8.51613
17.17	8.77419
17.33	8.38710
17.50	7.74194
17.67	7.67742
17.83	8.16994
18.00	7.41935
18.17	7.93548
18.33	7.35484
18.50	7.48387
18.67	8.64516
18.83	7.25490
19.00	5.87097
19.17	7.41935
19.33	6.58064
19.50	8.58065
19.67	6.83871
19.83	6.79739
20.00	6.90323
20.17	6.51613
20.33	6.00000
20.50	5.80645
20.67	5.93548
20.83	7.71242
21.00	6.64516
21.17	6.90323
21.33	6.64516
21.50	5.93548
21.67	7.35484
21.83	6.79739
22.00	5.67742
22.17	5.67742
22.33	6.77419
22.50	6.19355
22.67	5.87097
22.83	5.16340
23.00	5.48387
23.17	6.32258
23.33	6.25806
23.50	6.12903
23.67	6.38710
23.83	5.03268
24.00	5.48387
24.17	5.80645
24.33	5.09677
24.50	5.09677
24.67	4.64516
24.83	5.42484
25.00	5.54839
25.17	5.54839
25.33	5.03226
25.50	4.96774
25.67	3.80645
25.83	5.42484
26.00	4.51613
26.17	3.16129
26.33	4.64516
26.50	4.19355
26.67	5.48387
26.83	5.49020
27.00	4.12903
27.17	5.16129
27.33	4.25806
27.50	4.77419
27.67	4.51613
27.83	5.09804
28.00	4.90323
28.17	4.32258
28.33	3.41935
28.50	3.93548
28.67	4.58065
28.83	5.68627
29.00	3.35484
29.17	4.51613
29.33	3.35484
29.50	3.74194
29.67	3.80645
29.83	3.00654
30.00	4.25806
30.17	4.25806
30.33	3.48387
30.50	5.03226
30.67	3.67742
30.83	4.31373
31.00	4.77419
31.17	4.70968
31.33	2.96774
31.50	3.09677
31.67	3.93548
31.83	3.66013
32.00	4.06452
32.17	2.90323
32.33	3.35484
32.50	2.77419
32.67	3.80645
32.83	3.46405
33.00	4.00000
33.17	3.41935
33.33	2.45161
33.50	3.93548
33.67	3.16129
33.83	3.26797
34.00	2.51613
34.17	2.32258
34.33	2.70968
34.50	2.83871
34.67	3.03226
34.83	2.94118
35.00	2.32258
35.17	2.38710
35.33	3.16129
35.50	2.51613
35.67	3.03226
35.83	2.67974
36.00	2.38710
36.17	2.19355
36.33	2.58065
36.50	2.77419
36.67	3.22581
36.83	3.33333
37.00	2.32258
37.17	1.54839
37.33	2.25806
37.50	2.90323
37.67	3.09677
37.83	3.52941
38.00	2.77419
38.17	2.45161
38.33	2.06452
38.50	2.06452
38.67	3.03226
38.83	2.74510
39.00	2.96774
39.17	2.38710
39.33	2.19355
39.50	3.09677
39.67	2.45161
39.83	2.22222
40.00	1.35484
40.17	2.19355
40.33	2.70968
40.50	2.77419
40.67	2.19355
40.83	1.96078
41.00	2.64516
41.17	1.61290
41.33	2.19355
41.50	3.03226
41.67	2.45161
41.83	1.76471
42.00	2.00000
42.17	1.80645
42.33	1.80645
42.50	1.22581
42.67	2.38710
42.83	2.28758
43.00	1.09677
43.17	1.87097
43.33	2.06452
43.50	1.29032
43.67	1.67742
43.83	2.54902
44.00	1.48387
44.17	1.80645
44.33	1.16129
44.50	1.67742
44.67	2.25806
44.83	1.43791
45.00	0.90323
45.17	1.22581
45.33	1.61290
45.50	1.16129
45.67	1.16129
45.83	1.43791
46.00	1.41935
46.17	1.09677
46.33	1.87097
46.50	1.22581
46.67	1.67742
46.83	1.83007
47.00	1.54839
47.17	1.22581
47.33	1.61290
47.50	1.09677
47.67	1.80645
47.83	0.45752
48.00	1.48387
48.17	0.96774
48.33	1.61290
48.50	1.35484
48.67	1.22581
48.83	1.96078
49.00	0.83871
49.17	1.16129
49.33	1.54839
49.50	1.67742
49.67	1.22581
49.83	1.43791
50.00	1.29032
50.17	1.22581
50.33	1.48387
50.50	0.70968
50.67	0.96774
50.83	1.43791
51.00	0.77419
51.17	1.29032
51.33	0.90323
51.50	1.16129
51.67	1.29032
51.83	1.24183
52.00	0.51613
52.17	1.22581
52.33	1.22581
52.50	0.96774
52.67	1.09677
52.83	1.69935
53.00	1.03226
53.17	1.48387
53.33	1.54839
53.50	1.35484
53.67	1.48387
53.83	0.98039
54.00	0.90323
54.17	1.16129
54.33	0.45161
54.50	0.77419
54.67	0.90323
54.83	1.04575
55.00	0.77419
55.17	1.29032
55.33	0.58065
55.50	1.03226
55.67	1.35484
55.83	0.52288
56.00	1.03226
56.17	1.16129
56.33	0.90323
56.50	1.67742
56.67	0.90323
56.83	1.11111
57.00	0.32258
57.17	0.77419
57.33	0.58065
57.50	0.77419
57.67	0.51613
57.83	1.37255
58.00	0.90323
58.17	0.96774
58.33	0.51613
58.50	0.96774
58.67	0.77419
58.83	1.04575
59.00	0.58065
59.17	0.19355
59.33	0.51613
59.50	0.70968
59.67	1.03226
59.83	0.71895
60.00	0.96774
60.17	1.03226
60.33	0.64516
60.50	0.51613
60.67	0.51613
60.83	0.71895
61.00	0.38710
61.17	0.45161
61.33	0.58065
61.50	0.83871
61.67	0.83871
61.83	0.84967
62.00	0.51613
62.17	0.25806
62.33	0.45161
62.50	0.32258
62.67	0.51613
62.83	0.39216
63.00	0.45161
63.17	0.70968
63.33	0.32258
63.50	0.58065
63.67	0.45161
63.83	0.65359
64.00	0.70968
64.17	0.25806
64.33	0.51613
64.50	1.09677
64.67	0.32258
64.83	0.71895
65.00	0.45161
65.17	0.32258
65.33	0.64516
65.50	0.58065
65.67	0.25806
65.83	0.45752
66.00	0.38710
66.17	0.70968
66.33	0.38710
66.50	0.25806
66.67	0.12903
66.83	0.19608
67.00	0.45161
67.17	0.32258
67.33	0.51613
67.50	0.45161
67.67	0.51613
67.83	0.58824
68.00	0.12903
68.17	0.38710
68.33	0.32258
68.50	0.51613
68.67	0.25806
68.83	0.19608
69.00	0.25806
69.17	0.19355
69.33	0.45161
69.50	0.19355
69.67	0.19355
69.83	0.26144
70.00	0.45161
70.17	0.51613
70.33	0.32258
70.50	0.32258
70.67	0.70968
70.83	0.26144
71.00	0.51613
71.17	0.00000
71.33	0.19355
71.50	0.32258
71.67	0.38710
71.83	0.45752
72.00	0.77419
72.17	0.25806
72.33	0.51613
72.50	0.19355
72.67	0.83871
72.83	0.39216
73.00	0.00000
73.17	0.32258
73.33	0.19355
73.50	0.45161
73.67	0.32258
73.83	0.65359
74.00	0.12903
74.17	0.19355
74.33	0.58065
74.50	0.00000
74.67	0.32258
74.83	0.26144
75.00	0.06452
75.17	0.12903
75.33	0.19355
75.50	0.06452
75.67	0.19355
75.83	0.13072
76.00	0.32258
76.17	0.06452
76.33	0.06452
76.50	0.32258
76.67	0.12903
76.83	0.19608
77.00	0.00000
77.17	0.06452
77.33	0.25806
77.50	0.64516
77.67	0.90323
77.83	0.45752
78.00	0.32258
78.17	0.12903
78.33	0.12903
78.50	0.25806
78.67	0.25806
78.83	0.19608
79.00	0.12903
79.17	0.12903
79.33	0.19355
79.50	0.19355
79.67	0.00000
79.83	0.58824
80.00	0.45161
80.17	0.19355
80.33	0.77419
80.50	0.19355
80.67	0.25806
80.83	0.26144
81.00	0.06452
81.17	0.12903
81.33	0.19355
81.50	0.25806
81.67	0.19355
81.83	0.06536
82.00	0.00000
82.17	0.25806
82.33	0.00000
82.50	0.06452
82.67	0.25806
82.83	0.32680
83.00	0.06452
83.17	0.19355
83.33	0.12903
83.50	0.12903
83.67	0.19355
83.83	0.13072
84.00	0.06452
84.17	0.19355
84.33	0.12903
84.50	0.12903
84.67	0.19355
84.83	0.06536
85.00	0.06452
85.17	0.12903
85.33	0.06452
85.50	0.06452
85.67	0.12903
85.83	0.00000
86.00	0.06452
86.17	0.12903
86.33	0.12903
86.50	0.12903
86.67	0.00000
86.83	0.26144
87.00	0.25806
87.17	0.06452
87.33	0.00000
87.50	0.25806
87.67	0.06452
87.83	0.13072
88.00	0.00000
88.17	0.06452
88.33	0.06452
88.50	0.12903
88.67	0.19355
88.83	0.13072
89.00	0.12903
89.17	0.25806
89.33	0.38710
89.50	0.06452
89.67	0.06452
89.83	0.06536
90.00	0.12903
90.17	0.32258
90.33	0.12903
90.50	0.06452
90.67	0.06452
90.83	0.00000
91.00	0.19355
91.17	0.06452
91.33	0.00000
91.50	0.00000
91.67	0.00000
91.83	0.06536
92.00	0.25806
92.17	0.00000
92.33	0.19355
92.50	0.06452
92.67	0.00000
92.83	0.13072
93.00	0.00000
93.17	0.06452
93.33	0.00000
93.50	0.00000
93.67	0.19355
93.83	0.00000
94.00	0.06452
94.17	0.06452
94.33	0.00000
94.50	0.12903
94.67	0.00000
94.83	0.13072
95.00	0.06452
95.17	0.00000
95.33	0.12903
95.50	0.12903
95.67	0.58065
95.83	0.00000
96.00	0.06452
96.17	0.00000
96.33	0.00000
96.50	0.00000
96.67	0.12903
96.83	0.00000
97.00	0.25806
97.17	0.00000
97.33	0.06452
97.50	0.12903
97.67	0.19355
97.83	0.00000
98.00	0.00000
98.17	0.32258
98.33	0.00000
98.50	0.06452
98.67	0.00000
98.83	0.06536
99.00	0.00000
99.17	0.19355
99.33	0.06452
99.50	0.12903
99.67	0.00000
99.83	0.00000
100.00	0.06452
100.17	0.12903
100.33	0.06452
100.50	0.06452
100.67	0.06452
100.83	0.32680
101.00	0.00000
101.17	0.06452
101.33	0.00000
101.50	0.32258
101.67	0.00000
101.83	0.06536
102.00	0.06452
102.17	0.00000
102.33	0.00000
102.50	0.06452
102.67	0.06452
102.83	0.00000
103.00	0.00000
103.17	0.00000
103.33	0.00000
103.50	0.06452
103.67	0.12903
103.83	0.00000
104.00	0.00000
104.17	0.00000
104.33	0.00000
104.50	0.00000
104.67	0.06452
104.83	0.00000
105.00	0.06452
105.17	0.00000
105.33	0.00000
105.50	0.00000
105.67	0.00000
105.83	0.13072
106.00	0.12903
106.17	0.00000
106.33	0.06452
106.50	0.00000
106.67	0.12903
106.83	0.00000
107.00	0.00000
107.17	0.00000
107.33	0.00000
107.50	0.00000
107.67	0.00000
107.83	0.19608
108.00	0.00000
108.17	0.00000
108.33	0.00000
108.50	0.06452
108.67	0.00000
108.83	0.00000
109.00	0.00000
109.17	0.06452
109.33	0.12903
109.50	0.00000
109.67	0.12903
109.83	0.06536
110.00	0.00000
110.17	0.12903
110.33	0.00000
110.50	0.00000
110.67	0.06452
110.83	0.00000
111.00	0.06452
111.17	0.00000
111.33	0.06452
111.50	0.00000
111.67	0.00000
111.83	0.00000
112.00	0.00000
112.17	0.00000
112.33	0.12903
112.50	0.00000
112.67	0.00000
112.83	0.19608
113.00	0.00000
113.17	0.12903
113.33	0.06452
113.50	0.19355
113.67	0.12903
113.83	0.00000
114.00	0.06452
114.17	0.00000
114.33	0.06452
114.50	0.00000
114.67	0.06452
114.83	0.13072
115.00	0.06452
115.17	0.12903
115.33	0.00000
115.50	0.00000
115.67	0.00000
115.83	0.00000
116.00	0.12903
116.17	0.19355
116.33	0.06452
116.50	0.06452
116.67	0.00000
116.83	0.13072
117.00	0.00000
117.17	0.06452
117.33	0.00000
117.50	0.06452
117.67	0.06452
117.83	0.00000
118.00	0.06452
118.17	0.00000
118.33	0.06452
118.50	0.12903
118.67	0.00000
118.83	0.06536
119.00	0.19355
119.17	0.00000
119.33	0.00000
119.50	0.00000
119.67	0.00000
119.83	0.06536
120.00	0.00000
120.17	0.00000
120.33	0.00000
120.50	0.00000
120.67	0.00000
120.83	0.00000
121.00	0.00000
121.17	0.12903
121.33	0.00000
121.50	0.00000
121.67	0.06452
121.83	0.00000
122.00	0.00000
122.17	0.00000
122.33	0.00000
122.50	0.00000
122.67	0.12903
122.83	0.00000
123.00	0.00000
123.17	0.00000
123.33	0.00000
123.50	0.06452
123.67	0.00000
123.83	0.00000
124.00	0.00000
124.17	0.00000
124.33	0.06452
124.50	0.06452
124.67	0.00000
124.83	0.00000
125.00	0.06452
125.17	0.00000
125.33	0.06452
125.50	0.00000
125.67	0.00000
125.83	0.00000
126.00	0.00000
126.17	0.00000
126.33	0.00000
126.50	0.00000
126.67	0.00000
126.83	0.19608
127.00	0.00000
127.17	0.00000
127.33	0.12903
127.50	0.00000
127.67	0.00000
127.83	0.00000
128.00	0.19355
128.17	0.06452
128.33	0.06452
128.50	0.00000
128.67	0.06452
128.83	0.26144
129.00	0.00000
129.17	0.06452
129.33	0.00000
129.50	0.00000
129.67	0.06452
129.83	0.06536
130.00	0.00000
130.17	0.00000
130.33	0.06452
130.50	0.06452
130.67	0.00000
130.83	0.00000
131.00	0.00000
131.17	0.00000
131.33	0.00000
131.50	0.00000
131.67	0.00000
131.83	0.00000
132.00	0.12903
132.17	0.00000
132.33	0.00000
132.50	0.06452
132.67	0.06452
132.83	0.00000
133.00	0.00000
133.17	0.00000
133.33	0.00000
133.50	0.00000
133.67	0.06452
133.83	0.06536
134.00	0.00000
134.17	0.12903
134.33	0.00000
134.50	0.06452
134.67	0.00000
134.83	0.06536
135.00	0.00000
135.17	0.00000
135.33	0.00000
135.50	0.00000
135.67	0.12903
135.83	0.00000
136.00	0.00000
136.17	0.12903
136.33	0.00000
136.50	0.00000
136.67	0.00000
136.83	0.06536
137.00	0.00000
137.17	0.00000
137.33	0.00000
137.50	0.00000
137.67	0.06452
137.83	0.00000
138.00	0.12903
138.17	0.00000
138.33	0.00000
138.50	0.06452
138.67	0.06452
138.83	0.00000
139.00	0.00000
139.17	0.00000
139.33	0.00000
139.50	0.00000
139.67	0.00000
139.83	0.00000
140.00	0.00000
140.17	0.00000
140.33	0.00000
140.50	0.00000
140.67	0.06452
140.83	0.00000
141.00	0.00000
141.17	0.00000
141.33	0.06452
141.50	0.00000
141.67	0.00000
141.83	0.00000
142.00	0.00000
142.17	0.00000
142.33	0.00000
142.50	0.00000
142.67	0.00000
142.83	0.06536
143.00	0.00000
143.17	0.00000
143.33	0.00000
143.50	0.00000
143.67	0.00000
143.83	0.00000
144.00	0.00000
144.17	0.00000
144.33	0.00000
144.50	0.00000
144.67	0.00000
144.83	0.00000
145.00	0.00000
145.17	0.00000
145.33	0.00000
145.50	0.00000
145.67	0.06452
145.83	0.00000
146.00	0.00000
146.17	0.00000
146.33	0.00000
146.50	0.00000
146.67	0.00000
146.83	0.00000
147.00	0.00000
147.17	0.00000
147.33	0.00000
147.50	0.00000
147.67	0.00000
147.83	0.00000
148.00	0.00000
148.17	0.00000
148.33	0.00000
148.50	0.00000
148.67	0.00000
148.83	0.00000
149.00	0.00000
149.17	0.00000
149.33	0.00000
149.50	0.00000
149.67	0.00000
149.83	0.00000
150.00	0.00000
150.17	0.00000
150.33	0.06452
150.50	0.00000
150.67	0.00000
150.83	0.00000
151.00	0.00000
151.17	0.00000
151.33	0.00000
151.50	0.00000
151.67	0.00000
151.83	0.13072
152.00	0.00000
152.17	0.06452
152.33	0.06452
152.50	0.06452
152.67	0.00000
152.83	0.00000
153.00	0.00000
153.17	0.00000
153.33	0.00000
153.50	0.00000
153.67	0.00000
153.83	0.00000
154.00	0.00000
154.17	0.00000
154.33	0.00000
154.50	0.06452
154.67	0.00000
154.83	0.13072
155.00	0.00000
155.17	0.00000
155.33	0.00000
155.50	0.00000
155.67	0.00000
155.83	0.00000
156.00	0.06452
156.17	0.00000
156.33	0.00000
156.50	0.00000
156.67	0.00000
156.83	0.06536
157.00	0.00000
157.17	0.06452
157.33	0.00000
157.50	0.00000
157.67	0.00000
157.83	0.00000
158.00	0.00000
158.17	0.00000
158.33	0.00000
158.50	0.00000
158.67	0.00000
158.83	0.00000
159.00	0.12903
159.17	0.00000
159.33	0.00000
159.50	0.51613
159.67	0.00000
159.83	0.00000
160.00	0.00000
160.17	0.00000
160.33	0.00000
160.50	0.00000
160.67	0.00000
160.83	0.06536
161.00	0.00000
161.17	0.00000
161.33	0.00000
161.50	0.00000
161.67	0.00000
161.83	0.00000
162.00	0.00000
162.17	0.00000
162.33	0.00000
162.50	0.00000
162.67	0.00000
162.83	0.00000
163.00	0.00000
163.17	0.00000
163.33	0.00000
163.50	0.00000
163.67	0.06452
163.83	0.06536
164.00	0.00000
164.17	0.00000
164.33	0.00000
164.50	0.00000
164.67	0.19355
164.83	0.00000
165.00	0.00000
165.17	0.00000
165.33	0.06452
165.50	0.19355
165.67	0.12903
165.83	0.00000
166.00	0.00000
166.17	0.06452
166.33	0.38710
166.50	0.12903
166.67	0.00000
166.83	0.06536
167.00	0.06452
167.17	0.32258
167.33	0.19355
167.50	0.19355
167.67	0.00000
167.83	0.06536
168.00	0.06452
168.17	0.06452
168.33	0.25806
168.50	0.19355
168.67	0.25806
168.83	0.06536
169.00	0.12903
169.17	0.25806
169.33	0.19355
169.50	0.32258
169.67	0.19355
169.83	0.13072
170.00	0.06452
170.17	0.25806
170.33	0.51613
170.50	0.00000
170.67	0.19355
170.83	0.06536
171.00	0.12903
171.17	0.38710
171.33	0.06452
171.50	0.00000
171.67	0.06452
171.83	0.32680
172.00	0.00000
172.17	0.00000
172.33	0.38710
172.50	0.00000
172.67	0.00000
172.83	0.06536
173.00	0.06452
173.17	0.00000
173.33	0.06452
173.50	0.12903
173.67	0.06452
173.83	0.13072
174.00	0.00000
174.17	0.06452
174.33	0.06452
174.50	0.00000
174.67	0.12903
174.83	0.00000
175.00	0.00000
175.17	0.00000
175.33	0.19355
175.50	0.06452
175.67	0.00000
175.83	0.13072
176.00	0.00000
176.17	0.00000
176.33	0.00000
176.50	0.25806
176.67	0.00000
176.83	0.00000
177.00	0.00000
177.17	0.06452
177.33	0.00000
177.50	0.00000
177.67	0.00000
177.83	0.13072
178.00	0.00000
178.17	0.00000
178.33	0.00000
178.50	0.00000
178.67	0.06452
178.83	0.00000
179.00	0.06452
179.17	0.00000
179.33	0.00000
179.50	0.00000
179.67	0.06452
179.83	0.00000
180.00	0.00000
180.17	0.00000
180.33	0.06452
180.50	0.00000
180.67	0.00000
180.83	0.00000
181.00	0.00000
181.17	0.00000
181.33	0.00000
181.50	0.00000
181.67	0.00000
181.83	0.00000
182.00	0.00000
182.17	0.00000
182.33	0.00000
182.50	0.00000
182.67	0.00000
182.83	0.00000
183.00	0.00000
183.17	0.00000
183.33	0.00000
183.50	0.00000
183.67	0.00000
183.83	0.00000
184.00	0.00000
184.17	0.00000
184.33	0.00000
184.50	0.00000
184.67	0.00000
184.83	0.06536
185.00	0.00000
185.17	0.00000
185.33	0.06452
185.50	0.00000
185.67	0.00000
185.83	0.00000
186.00	0.12903
186.17	0.00000
186.33	0.00000
186.50	0.00000
186.67	0.00000
186.83	0.00000
187.00	0.00000
187.17	0.00000
187.33	0.00000
187.50	0.00000
187.67	0.00000
187.83	0.00000
188.00	0.00000
188.17	0.00000
188.33	0.00000
188.50	0.00000
188.67	0.06452
188.83	0.00000
189.00	0.00000
189.17	0.06452
189.33	0.00000
189.50	0.00000
189.67	0.00000
189.83	0.00000
190.00	0.00000
190.17	0.00000
190.33	0.00000
190.50	0.00000
190.67	0.00000
190.83	0.00000
191.00	0.00000
191.17	0.00000
191.33	0.00000
191.50	0.00000
191.67	0.00000
191.83	0.00000
192.00	0.00000
192.17	0.00000
192.33	0.00000
192.50	0.00000
192.67	0.00000
192.83	0.00000
193.00	0.00000
193.17	0.00000
193.33	0.00000
193.50	0.00000
193.67	0.00000
193.83	0.00000
194.00	0.00000
194.17	0.00000
194.33	0.00000
194.50	0.00000
194.67	0.00000
194.83	0.00000
195.00	0.00000
195.17	0.00000
195.33	0.00000
195.50	0.00000
195.67	0.00000
195.83	0.00000
196.00	0.00000
196.17	0.00000
196.33	0.00000
196.50	0.06452
196.67	0.00000
196.83	0.00000
197.00	0.00000
197.17	0.00000
197.33	0.00000
197.50	0.00000
197.67	0.06452
197.83	0.00000
198.00	0.00000
198.17	0.00000
198.33	0.00000
198.50	0.06452
198.67	0.00000
198.83	0.06536
199.00	0.00000
199.17	0.00000
199.33	0.00000
199.50	0.00000
199.67	0.06452
199.83	0.00000
