0.00	71.03226
0.33	61.35484
0.67	44.35065
1.00	42.45161
1.33	33.67742
1.67	30.58442
2.00	26.19355
2.33	28.58064
2.67	24.15584
3.00	24.25806
3.33	26.00000
3.67	24.35065
4.00	21.03226
4.33	21.74194
4.67	20.12987
5.00	18.06452
5.33	19.09677
5.67	15.12987
6.00	17.29032
6.33	14.12903
6.67	16.03896
7.00	13.80645
7.33	14.06452
7.67	14.02597
8.00	14.58064
8.33	12.58064
8.67	12.53247
9.00	10.12903
9.33	10.12903
9.67	12.27273
10.00	10.77419
10.33	11.41935
10.67	10.06493
11.00	8.96774
11.33	10.96774
11.67	10.32467
12.00	8.06452
12.33	9.54839
12.67	7.79221
13.00	8.12903
13.33	7.41935
13.67	9.80519
14.00	7.80645
14.33	7.16129
14.67	6.16883
15.00	6.90323
15.33	7.80645
15.67	5.64935
16.00	6.38710
16.33	6.64516
16.67	5.90909
17.00	5.22581
17.33	6.64516
17.67	4.93506
18.00	4.96774
18.33	4.06452
18.67	5.64935
19.00	3.67742
19.33	4.83871
19.67	4.22078
20.00	5.35484
20.33	4.38710
20.67	4.48052
21.00	3.61290
21.33	4.38710
21.67	3.37662
22.00	3.80645
22.33	2.64516
22.67	2.85714
23.00	4.90323
23.33	3.54839
23.67	2.92208
24.00	2.77419
24.33	2.77419
24.67	3.44156
25.00	3.09677
25.33	2.51613
25.67	3.70130
26.00	2.06452
26.33	2.25806
26.67	3.31169
27.00	3.16129
27.33	2.70968
27.67	2.33766
28.00	1.61290
28.33	2.77419
28.67	2.46753
29.00	2.70968
29.33	2.83871
29.67	1.75325
30.00	2.64516
30.33	1.80645
30.67	2.66234
31.00	1.74194
31.33	1.87097
31.67	2.27273
32.00	1.93548
32.33	1.61290
32.67	2.14286
33.00	1.16129
33.33	1.93548
33.67	1.29870
34.00	1.67742
34.33	1.41935
34.67	1.55844
35.00	1.22581
35.33	1.74194
35.67	1.68831
36.00	0.96774
36.33	1.29032
36.67	1.49351
37.00	2.00000
37.33	1.16129
37.67	1.36364
38.00	0.83871
38.33	0.70968
38.67	0.77922
39.00	0.51613
39.33	0.83871
39.67	1.03896
40.00	1.22581
40.33	1.29032
40.67	0.71429
41.00	0.45161
41.33	0.77419
41.67	1.29870
42.00	0.96774
42.33	1.35484
42.67	0.64935
43.00	0.70968
43.33	0.90323
43.67	1.16883
44.00	0.64516
44.33	0.83871
44.67	0.58442
45.00	0.90323
45.33	0.45161
45.67	0.97403
46.00	0.96774
46.33	0.32258
46.67	0.58442
47.00	0.38710
47.33	0.90323
47.67	0.58442
48.00	0.83871
48.33	0.32258
48.67	0.64935
49.00	0.25806
49.33	0.38710
49.67	0.45455
50.00	0.38710
50.33	0.38710
50.67	0.19481
51.00	0.12903
51.33	0.32258
51.67	0.51948
52.00	0.45161
52.33	0.45161
52.67	0.06494
53.00	0.32258
53.33	0.19355
53.67	0.38961
54.00	0.25806
54.33	0.12903
54.67	0.38961
55.00	0.12903
55.33	0.38710
55.67	0.19481
56.00	0.19355
56.33	0.45161
56.67	0.19481
57.00	0.25806
57.33	0.25806
57.67	0.12987
58.00	0.12903
58.33	0.12903
58.67	0.32468
59.00	0.19355
59.33	0.32258
59.67	0.12987
60.00	0.06452
60.33	0.06452
60.67	0.12987
61.00	0.19355
61.33	0.00000
61.67	0.12987
62.00	0.12903
62.33	0.12903
62.67	0.12987
63.00	0.19355
63.33	0.00000
63.67	0.06494
64.00	0.19355
64.33	0.19355
64.67	0.12987
65.00	0.00000
65.33	0.00000
65.67	0.06494
66.00	0.00000
66.33	0.06452
66.67	0.12987
67.00	0.06452
67.33	0.38710
67.67	0.06494
68.00	0.19355
68.33	0.06452
68.67	0.06494
69.00	0.00000
69.33	0.19355
69.67	0.12987
70.00	0.12903
70.33	0.12903
70.67	0.32468
71.00	0.12903
71.33	0.12903
71.67	0.25974
72.00	0.00000
72.33	0.45161
72.67	0.06494
73.00	0.25806
73.33	0.00000
73.67	0.12987
74.00	0.06452
74.33	0.06452
74.67	0.00000
75.00	0.06452
75.33	0.00000
75.67	0.12987
76.00	0.00000
76.33	0.00000
76.67	0.12987
77.00	0.19355
77.33	0.12903
77.67	0.12987
78.00	0.00000
78.33	0.00000
78.67	0.00000
79.00	0.00000
79.33	0.00000
79.67	0.00000
80.00	0.12903
80.33	0.12903
80.67	0.06494
81.00	0.06452
81.33	0.06452
81.67	0.00000
82.00	0.00000
82.33	0.06452
82.67	0.06494
83.00	0.06452
83.33	0.00000
83.67	0.00000
84.00	0.00000
84.33	0.00000
84.67	0.00000
85.00	0.00000
85.33	0.06452
85.67	0.00000
86.00	0.00000
86.33	0.06452
86.67	0.00000
87.00	0.00000
87.33	0.00000
87.67	0.00000
88.00	0.06452
88.33	0.00000
88.67	0.00000
89.00	0.00000
89.33	0.00000
89.67	0.00000
90.00	0.00000
90.33	0.00000
90.67	0.06494
91.00	0.06452
91.33	0.06452
91.67	0.00000
92.00	0.00000
92.33	0.06452
92.67	0.00000
93.00	0.12903
93.33	0.00000
93.67	0.00000
94.00	0.00000
94.33	0.00000
94.67	0.00000
95.00	0.00000
95.33	0.00000
95.67	0.00000
96.00	0.00000
96.33	0.00000
96.67	0.00000
97.00	0.00000
97.33	0.00000
97.67	0.00000
98.00	0.00000
98.33	0.00000
98.67	0.00000
99.00	0.00000
99.33	0.00000
99.67	0.00000
100.00	0.00000
100.33	0.00000
100.67	0.00000
101.00	0.00000
101.33	0.00000
101.67	0.00000
102.00	0.00000
102.33	0.00000
102.67	0.00000
103.00	0.00000
103.33	0.00000
103.67	0.00000
104.00	0.00000
104.33	0.00000
104.67	0.00000
105.00	0.00000
105.33	0.00000
105.67	0.00000
106.00	0.06452
106.33	0.00000
106.67	0.00000
107.00	0.00000
107.33	0.00000
107.67	0.06494
108.00	0.00000
108.33	0.00000
108.67	0.00000
109.00	0.00000
109.33	0.00000
109.67	0.00000
110.00	0.00000
110.33	0.00000
110.67	0.00000
111.00	0.06452
111.33	0.00000
111.67	0.00000
112.00	0.00000
112.33	0.00000
112.67	0.00000
113.00	0.00000
113.33	0.00000
113.67	0.00000
114.00	0.00000
114.33	0.00000
114.67	0.00000
115.00	0.00000
115.33	0.00000
115.67	0.00000
116.00	0.00000
116.33	0.00000
116.67	0.00000
117.00	0.00000
117.33	0.00000
117.67	0.00000
118.00	0.00000
118.33	0.00000
118.67	0.00000
119.00	0.00000
119.33	0.00000
119.67	0.00000
120.00	0.00000
120.33	0.00000
120.67	0.00000
121.00	0.00000
121.33	0.00000
121.67	0.00000
122.00	0.00000
122.33	0.00000
122.67	0.00000
123.00	0.06452
123.33	0.00000
123.67	0.00000
124.00	0.00000
124.33	0.00000
124.67	0.00000
125.00	0.00000
125.33	0.00000
125.67	0.00000
126.00	0.00000
126.33	0.00000
126.67	0.00000
127.00	0.00000
127.33	0.00000
127.67	0.00000
128.00	0.00000
128.33	0.00000
128.67	0.00000
129.00	0.00000
129.33	0.00000
129.67	0.00000
130.00	0.00000
130.33	0.00000
130.67	0.00000
131.00	0.00000
131.33	0.00000
131.67	0.00000
132.00	0.00000
132.33	0.00000
132.67	0.00000
133.00	0.00000
133.33	0.00000
133.67	0.00000
134.00	0.00000
134.33	0.00000
134.67	0.00000
135.00	0.00000
135.33	0.00000
135.67	0.00000
136.00	0.00000
136.33	0.00000
136.67	0.00000
137.00	0.00000
137.33	0.00000
137.67	0.00000
138.00	0.00000
138.33	0.00000
138.67	0.00000
139.00	0.00000
139.33	0.00000
139.67	0.00000
140.00	0.00000
140.33	0.06452
140.67	0.00000
141.00	0.00000
141.33	0.00000
141.67	0.00000
142.00	0.00000
142.33	0.00000
142.67	0.00000
143.00	0.00000
143.33	0.00000
143.67	0.00000
144.00	0.00000
144.33	0.00000
144.67	0.00000
145.00	0.00000
145.33	0.00000
145.67	0.00000
146.00	0.12903
146.33	0.00000
146.67	0.00000
147.00	0.00000
147.33	0.00000
147.67	0.00000
148.00	0.00000
148.33	0.00000
148.67	0.00000
149.00	0.00000
149.33	0.00000
149.67	0.00000
150.00	0.00000
150.33	0.00000
150.67	0.00000
151.00	0.00000
151.33	0.00000
151.67	0.00000
152.00	0.00000
152.33	0.00000
152.67	0.00000
153.00	0.00000
153.33	0.00000
153.67	0.00000
154.00	0.00000
154.33	0.00000
154.67	0.00000
155.00	0.00000
155.33	0.00000
155.67	0.06494
156.00	0.00000
156.33	0.00000
156.67	0.00000
157.00	0.00000
157.33	0.00000
157.67	0.00000
158.00	0.00000
158.33	0.00000
158.67	0.00000
159.00	0.00000
159.33	0.00000
159.67	0.00000
160.00	0.00000
160.33	0.00000
160.67	0.00000
161.00	0.00000
161.33	0.00000
161.67	0.00000
162.00	0.00000
162.33	0.00000
162.67	0.00000
163.00	0.00000
163.33	0.00000
163.67	0.00000
164.00	0.00000
164.33	0.00000
164.67	0.00000
165.00	0.00000
165.33	0.00000
165.67	0.00000
166.00	0.00000
166.33	0.00000
166.67	0.00000
167.00	0.00000
167.33	0.00000
167.67	0.00000
168.00	0.00000
168.33	0.00000
168.67	0.00000
169.00	0.00000
169.33	0.06452
169.67	0.00000
170.00	0.00000
170.33	0.00000
170.67	0.00000
171.00	0.00000
171.33	0.00000
171.67	0.06494
172.00	0.00000
172.33	0.00000
172.67	0.00000
173.00	0.00000
173.33	0.00000
173.67	0.00000
174.00	0.00000
174.33	0.00000
174.67	0.00000
175.00	0.00000
175.33	0.00000
175.67	0.00000
176.00	0.00000
176.33	0.00000
176.67	0.00000
177.00	0.00000
177.33	0.00000
177.67	0.00000
178.00	0.00000
178.33	0.00000
178.67	0.00000
179.00	0.00000
179.33	0.00000
179.67	0.00000
180.00	0.00000
180.33	0.00000
180.67	0.00000
181.00	0.00000
181.33	0.00000
181.67	0.00000
182.00	0.00000
182.33	0.00000
182.67	0.00000
183.00	0.00000
183.33	0.00000
183.67	0.00000
184.00	0.00000
184.33	0.00000
184.67	0.00000
185.00	0.00000
185.33	0.00000
185.67	0.00000
186.00	0.00000
186.33	0.00000
186.67	0.00000
187.00	0.00000
187.33	0.00000
187.67	0.00000
188.00	0.00000
188.33	0.00000
188.67	0.00000
189.00	0.00000
189.33	0.00000
189.67	0.00000
190.00	0.00000
190.33	0.00000
190.67	0.00000
191.00	0.00000
191.33	0.00000
191.67	0.00000
192.00	0.00000
192.33	0.00000
192.67	0.00000
193.00	0.00000
193.33	0.00000
193.67	0.00000
194.00	0.00000
194.33	0.00000
194.67	0.00000
195.00	0.00000
195.33	0.00000
195.67	0.00000
196.00	0.00000
196.33	0.00000
196.67	0.00000
197.00	0.00000
197.33	0.00000
197.67	0.00000
198.00	0.00000
198.33	0.00000
198.67	0.00000
199.00	0.00000
199.33	0.00000
199.67	0.00000
