0.00	2.51338
0.33	2.24973
0.67	2.09663
1.00	2.02714
1.33	2.03336
1.67	1.88214
2.00	1.80598
2.33	1.77921
2.67	1.82028
3.00	1.73250
3.33	1.72566
3.67	1.67070
4.00	1.67757
4.33	1.70616
4.67	1.61805
5.00	1.58411
5.33	1.61095
5.67	1.61566
6.00	1.50028
6.33	1.54849
6.67	1.53971
7.00	1.42817
7.33	1.45920
7.67	1.46333
8.00	1.44102
8.33	1.39930
8.67	1.39985
9.00	1.36823
9.33	1.32485
9.67	1.33047
10.00	1.37537
10.33	1.30323
10.67	1.29572
11.00	1.24968
11.33	1.27235
11.67	1.29450
12.00	1.23849
12.33	1.23434
12.67	1.17299
13.00	1.13587
13.33	1.15481
13.67	1.17400
14.00	1.13120
14.33	1.15274
14.67	1.10599
15.00	1.10518
15.33	1.07316
15.67	1.08976
16.00	1.10289
16.33	1.07340
16.67	1.02283
17.00	1.04605
17.33	1.04734
17.67	0.96929
18.00	0.95783
18.33	0.98794
18.67	0.95326
19.00	0.93009
19.33	0.92355
19.67	0.96881
20.00	0.91536
20.33	0.88930
20.67	0.86767
21.00	0.84937
21.33	0.87942
21.67	0.83535
22.00	0.80240
22.33	0.85112
22.67	0.80229
23.00	0.81301
23.33	0.80296
23.67	0.74784
24.00	0.73541
24.33	0.77419
24.67	0.77567
25.00	0.74749
25.33	0.73520
25.67	0.73306
26.00	0.70708
26.33	0.66735
26.67	0.66023
27.00	0.65938
27.33	0.69444
27.67	0.67855
28.00	0.62416
28.33	0.63397
28.67	0.65447
29.00	0.60916
29.33	0.60070
29.67	0.60161
30.00	0.60916
30.33	0.57092
30.67	0.57310
31.00	0.59557
31.33	0.56099
31.67	0.60552
32.00	0.54193
32.33	0.52792
32.67	0.53224
33.00	0.49314
33.33	0.53310
33.67	0.48996
34.00	0.46122
34.33	0.49574
34.67	0.43933
35.00	0.46586
35.33	0.43902
35.67	0.42349
36.00	0.44704
36.33	0.46322
36.67	0.44133
37.00	0.44532
37.33	0.40755
37.67	0.44745
38.00	0.43460
38.33	0.41671
38.67	0.38800
39.00	0.39063
39.33	0.41648
39.67	0.43620
40.00	0.39740
40.33	0.36784
40.67	0.37630
41.00	0.36585
41.33	0.36633
41.67	0.35423
42.00	0.35616
42.33	0.35701
42.67	0.36813
43.00	0.35158
43.33	0.33335
43.67	0.32786
44.00	0.34118
44.33	0.33642
44.67	0.32425
45.00	0.29977
45.33	0.30505
45.67	0.31032
46.00	0.31812
46.33	0.30334
46.67	0.31498
47.00	0.29016
47.33	0.28470
47.67	0.28258
48.00	0.28741
48.33	0.28479
48.67	0.27281
49.00	0.29488
49.33	0.24973
49.67	0.28455
50.00	0.27208
50.33	0.27230
50.67	0.26553
51.00	0.24152
51.33	0.25948
51.67	0.27871
52.00	0.25722
52.33	0.25103
52.67	0.26775
53.00	0.23673
53.33	0.25428
53.67	0.22217
54.00	0.22852
54.33	0.24608
54.67	0.23823
55.00	0.23265
55.33	0.21343
55.67	0.22571
56.00	0.21868
56.33	0.22895
56.67	0.22744
57.00	0.21739
57.33	0.22482
57.67	0.23648
58.00	0.20154
58.33	0.21683
58.67	0.23528
59.00	0.18850
59.33	0.20508
59.67	0.19310
60.00	0.19931
60.33	0.20480
60.67	0.18478
61.00	0.19474
61.33	0.19010
61.67	0.17889
62.00	0.19371
62.33	0.20690
62.67	0.18040
63.00	0.19304
63.33	0.17924
63.67	0.17959
64.00	0.20528
64.33	0.18649
64.67	0.16639
65.00	0.17583
65.33	0.20086
65.67	0.18503
66.00	0.17190
66.33	0.19031
66.67	0.17927
67.00	0.17648
67.33	0.16725
67.67	0.16425
68.00	0.15921
68.33	0.16716
68.67	0.15678
69.00	0.16017
69.33	0.14380
69.67	0.15906
70.00	0.14184
70.33	0.16029
70.67	0.17608
71.00	0.15662
71.33	0.15854
71.67	0.14958
72.00	0.14985
72.33	0.15801
72.67	0.14627
73.00	0.14748
73.33	0.14316
73.67	0.14874
74.00	0.15024
74.33	0.14102
74.67	0.14491
75.00	0.14780
75.33	0.13575
75.67	0.15120
76.00	0.15412
76.33	0.13777
76.67	0.14537
77.00	0.13284
77.33	0.14164
77.67	0.12845
78.00	0.13067
78.33	0.13792
78.67	0.12410
79.00	0.12164
79.33	0.12013
79.67	0.13876
80.00	0.12655
80.33	0.13130
80.67	0.13570
81.00	0.14191
81.33	0.11802
81.67	0.13406
82.00	0.13123
82.33	0.11786
82.67	0.13207
83.00	0.12495
83.33	0.12865
83.67	0.12109
84.00	0.13520
84.33	0.12424
84.67	0.10959
85.00	0.12400
85.33	0.12621
85.67	0.12319
86.00	0.12683
86.33	0.11564
86.67	0.11445
87.00	0.10983
87.33	0.11591
87.67	0.12099
88.00	0.11642
88.33	0.11580
88.67	0.10944
89.00	0.11719
89.33	0.10376
89.67	0.11609
90.00	0.10404
90.33	0.11349
90.67	0.10423
91.00	0.10482
91.33	0.11100
91.67	0.10613
92.00	0.09924
92.33	0.11143
92.67	0.10940
93.00	0.11718
93.33	0.10876
93.67	0.10766
94.00	0.09876
94.33	0.09543
94.67	0.10316
95.00	0.10007
95.33	0.10607
95.67	0.10816
96.00	0.10540
96.33	0.09204
96.67	0.09484
97.00	0.10041
97.33	0.09989
97.67	0.09826
98.00	0.08543
98.33	0.09913
98.67	0.08996
99.00	0.10213
99.33	0.09137
99.67	0.08434
100.00	0.10104
100.33	0.10376
100.67	0.09632
101.00	0.09676
101.33	0.09648
101.67	0.08431
102.00	0.08720
102.33	0.09787
102.67	0.08569
103.00	0.08703
103.33	0.08230
103.67	0.09615
104.00	0.09426
104.33	0.08404
104.67	0.07415
105.00	0.09206
105.33	0.08573
105.67	0.08783
106.00	0.09232
106.33	0.07662
106.67	0.07858
107.00	0.07933
107.33	0.07415
107.67	0.07946
108.00	0.09382
108.33	0.07570
108.67	0.08075
109.00	0.08101
109.33	0.08497
109.67	0.09225
110.00	0.07256
110.33	0.07599
110.67	0.07209
111.00	0.08064
111.33	0.07409
111.67	0.07902
112.00	0.06929
112.33	0.08032
112.67	0.07345
113.00	0.07424
113.33	0.06944
113.67	0.07390
114.00	0.07614
114.33	0.08142
114.67	0.06998
115.00	0.08371
115.33	0.07877
115.67	0.07476
116.00	0.07638
116.33	0.07072
116.67	0.08132
117.00	0.07207
117.33	0.08210
117.67	0.06855
118.00	0.06905
118.33	0.07813
118.67	0.07571
119.00	0.07582
119.33	0.06391
119.67	0.06937
120.00	0.07302
120.33	0.06997
120.67	0.06857
121.00	0.06758
121.33	0.07023
121.67	0.07120
122.00	0.06604
122.33	0.06505
122.67	0.06636
123.00	0.07100
123.33	0.07467
123.67	0.06745
124.00	0.07293
124.33	0.06310
124.67	0.05654
125.00	0.06872
125.33	0.06041
125.67	0.08592
126.00	0.06602
126.33	0.06891
126.67	0.06527
127.00	0.05546
127.33	0.06359
127.67	0.06269
128.00	0.07071
128.33	0.05869
128.67	0.05898
129.00	0.06212
129.33	0.05760
129.67	0.06431
130.00	0.06496
130.33	0.05812
130.67	0.06103
131.00	0.05801
131.33	0.05894
131.67	0.06139
132.00	0.05543
132.33	0.06757
132.67	0.06157
133.00	0.06923
133.33	0.05564
133.67	0.06120
134.00	0.05365
134.33	0.05927
134.67	0.06377
135.00	0.05951
135.33	0.06328
135.67	0.05470
136.00	0.05214
136.33	0.06159
136.67	0.05403
137.00	0.05613
137.33	0.06173
137.67	0.06360
138.00	0.05111
138.33	0.06870
138.67	0.06097
139.00	0.05593
139.33	0.05581
139.67	0.05733
140.00	0.05747
140.33	0.05951
140.67	0.05524
141.00	0.05021
141.33	0.06185
141.67	0.05677
142.00	0.05858
142.33	0.05918
142.67	0.05500
143.00	0.04583
143.33	0.05089
143.67	0.05775
144.00	0.05913
144.33	0.05289
144.67	0.05208
145.00	0.05240
145.33	0.04858
145.67	0.04887
146.00	0.04723
146.33	0.04476
146.67	0.05514
147.00	0.04870
147.33	0.04736
147.67	0.04767
148.00	0.04423
148.33	0.05080
148.67	0.05461
149.00	0.04487
149.33	0.05481
149.67	0.05267
150.00	0.05275
150.33	0.05765
150.67	0.05231
151.00	0.04545
151.33	0.05285
151.67	0.05293
152.00	0.05538
152.33	0.05009
152.67	0.04891
153.00	0.04959
153.33	0.05000
153.67	0.04912
154.00	0.04681
154.33	0.04437
154.67	0.04882
155.00	0.04822
155.33	0.04878
155.67	0.04921
156.00	0.04416
156.33	0.04749
156.67	0.04161
157.00	0.04307
157.33	0.04644
157.67	0.04513
158.00	0.04685
158.33	0.04722
158.67	0.04927
159.00	0.04463
159.33	0.04705
159.67	0.04786
160.00	0.04193
160.33	0.04914
160.67	0.04189
161.00	0.04373
161.33	0.04879
161.67	0.04686
162.00	0.03936
162.33	0.05104
162.67	0.04145
163.00	0.04424
163.33	0.03706
163.67	0.04602
164.00	0.04755
164.33	0.04687
164.67	0.04464
165.00	0.04744
165.33	0.04080
165.67	0.04835
166.00	0.04156
166.33	0.03832
166.67	0.03912
167.00	0.04341
167.33	0.04663
167.67	0.04203
168.00	0.03769
168.33	0.04450
168.67	0.03725
169.00	0.04485
169.33	0.03916
169.67	0.04575
170.00	0.03719
170.33	0.03725
170.67	0.04065
171.00	0.04208
171.33	0.03890
171.67	0.04392
172.00	0.03620
172.33	0.03953
172.67	0.04160
173.00	0.03756
173.33	0.03711
173.67	0.03757
174.00	0.04195
174.33	0.04031
174.67	0.04546
175.00	0.04131
175.33	0.03850
175.67	0.03365
176.00	0.04148
176.33	0.04259
176.67	0.03979
177.00	0.03648
177.33	0.03875
177.67	0.03649
178.00	0.03694
178.33	0.03871
178.67	0.04031
179.00	0.03601
179.33	0.04336
179.67	0.04470
180.00	0.03630
180.33	0.03519
180.67	0.03537
181.00	0.03268
181.33	0.03780
181.67	0.03580
182.00	0.03987
182.33	0.03867
182.67	0.04348
183.00	0.03554
183.33	0.03688
183.67	0.03846
184.00	0.03090
184.33	0.03526
184.67	0.03461
185.00	0.03676
185.33	0.02899
185.67	0.03333
186.00	0.03282
186.33	0.03854
186.67	0.03418
187.00	0.03645
187.33	0.03589
187.67	0.03545
188.00	0.03900
188.33	0.03964
188.67	0.03763
189.00	0.03917
189.33	0.03873
189.67	0.02989
190.00	0.03147
190.33	0.03330
190.67	0.03433
191.00	0.03199
191.33	0.03251
191.67	0.02971
192.00	0.03242
192.33	0.03209
192.67	0.03342
193.00	0.03125
193.33	0.03535
193.67	0.03051
194.00	0.02613
194.33	0.03362
194.67	0.03340
195.00	0.03329
195.33	0.03284
195.67	0.03353
196.00	0.03658
196.33	0.03259
196.67	0.03146
197.00	0.03557
197.33	0.03008
197.67	0.03329
198.00	0.03599
198.33	0.03524
198.67	0.03340
199.00	0.03351
199.33	0.03167
199.67	0.02913
