0.00	67.54839
0.17	60.58064
0.33	48.45161
0.50	42.19355
0.67	38.32258
0.83	34.44444
1.00	35.16129
1.17	31.54839
1.33	26.83871
1.50	24.32258
1.67	23.48387
1.83	26.33987
2.00	22.90322
2.17	22.51613
2.33	20.19355
2.50	21.67742
2.67	20.19355
2.83	21.37255
3.00	17.67742
3.17	16.90322
3.33	19.61290
3.50	19.16129
3.67	14.19355
3.83	17.18954
4.00	15.29032
4.17	15.61290
4.33	14.19355
4.50	14.58064
4.67	14.64516
4.83	13.07190
5.00	15.09677
5.17	15.80645
5.33	14.64516
5.50	13.54839
5.67	12.70968
5.83	11.63399
6.00	13.22581
6.17	12.25806
6.33	13.41936
6.50	12.77419
6.67	10.90323
6.83	10.00000
7.00	12.19355
7.17	12.19355
7.33	12.06452
7.50	11.16129
7.67	11.61290
7.83	9.93464
8.00	10.96774
8.17	9.61290
8.33	10.77419
8.50	9.87097
8.67	9.61290
8.83	8.30065
9.00	8.19355
9.17	8.38710
9.33	9.09677
9.50	11.74193
9.67	8.06452
9.83	8.49673
10.00	7.74194
10.17	8.58065
10.33	7.54839
10.50	8.19355
10.67	9.54839
10.83	7.45098
11.00	8.58065
11.17	5.67742
11.33	9.03226
11.50	7.09677
11.67	7.35484
11.83	6.53595
12.00	7.35484
12.17	6.70968
12.33	8.25806
12.50	5.41935
12.67	7.80645
12.83	5.94771
13.00	6.96774
13.17	6.58064
13.33	6.25806
13.50	5.48387
13.67	6.64516
13.83	6.01307
14.00	6.45161
14.17	5.35484
14.33	5.93548
14.50	6.25806
14.67	6.77419
14.83	5.81699
15.00	5.48387
15.17	6.25806
15.33	6.45161
15.50	6.00000
15.67	4.90323
15.83	4.96732
16.00	5.41935
16.17	6.12903
16.33	4.83871
16.50	6.83871
16.67	5.41935
16.83	4.83660
17.00	5.16129
17.17	3.61290
17.33	5.03226
17.50	4.38710
17.67	4.83871
17.83	5.62092
18.00	4.70968
18.17	4.25806
18.33	4.64516
18.50	4.64516
18.67	4.90323
18.83	4.05229
19.00	3.48387
19.17	5.61290
19.33	4.77419
19.50	3.41935
19.67	4.38710
19.83	3.92157
20.00	4.19355
20.17	3.48387
20.33	4.19355
20.50	3.41935
20.67	2.96774
20.83	4.18301
21.00	3.74194
21.17	4.19355
21.33	3.93548
21.50	3.09677
21.67	3.09677
21.83	3.72549
22.00	2.96774
22.17	4.45161
22.33	2.90323
22.50	3.09677
22.67	3.80645
22.83	3.26797
23.00	2.64516
23.17	3.29032
23.33	3.16129
23.50	3.22581
23.67	3.74194
23.83	2.81046
24.00	3.61290
24.17	2.19355
24.33	2.58065
24.50	2.77419
24.67	2.96774
24.83	3.00654
25.00	2.90323
25.17	3.22581
25.33	3.29032
25.50	2.38710
25.67	2.12903
25.83	3.26797
26.00	4.19355
26.17	2.70968
26.33	2.96774
26.50	2.45161
26.67	2.45161
26.83	3.72549
27.00	2.70968
27.17	3.16129
27.33	2.77419
27.50	1.61290
27.67	2.70968
27.83	2.35294
28.00	2.25806
28.17	2.51613
28.33	2.00000
28.50	2.12903
28.67	2.19355
28.83	3.52941
29.00	2.32258
29.17	2.32258
29.33	1.87097
29.50	2.32258
29.67	2.06452
29.83	1.83007
30.00	2.25806
30.17	1.67742
30.33	2.83871
30.50	1.93548
30.67	2.38710
30.83	2.15686
31.00	1.87097
31.17	1.35484
31.33	1.61290
31.50	2.32258
31.67	1.67742
31.83	1.63399
32.00	1.80645
32.17	1.67742
32.33	1.29032
32.50	1.29032
32.67	1.87097
32.83	3.07190
33.00	2.12903
33.17	1.35484
33.33	1.41935
33.50	1.03226
33.67	1.48387
33.83	1.24183
34.00	1.22581
34.17	1.16129
34.33	1.74194
34.50	1.48387
34.67	1.48387
34.83	1.43791
35.00	0.96774
35.17	1.93548
35.33	1.35484
35.50	1.54839
35.67	1.22581
35.83	1.37255
36.00	1.29032
36.17	1.03226
36.33	1.09677
36.50	1.80645
36.67	1.87097
36.83	1.43791
37.00	0.77419
37.17	1.16129
37.33	0.83871
37.50	0.70968
37.67	1.67742
37.83	1.04575
38.00	0.58065
38.17	0.90323
38.33	1.41935
38.50	1.09677
38.67	1.74194
38.83	1.37255
39.00	1.61290
39.17	1.09677
39.33	0.96774
39.50	1.22581
39.67	0.96774
39.83	1.43791
40.00	1.67742
40.17	0.96774
40.33	0.64516
40.50	1.54839
40.67	0.96774
40.83	1.50327
41.00	1.61290
41.17	0.83871
41.33	1.35484
41.50	0.83871
41.67	0.64516
41.83	1.11111
42.00	1.74194
42.17	0.38710
42.33	1.09677
42.50	1.29032
42.67	1.09677
42.83	0.84967
43.00	0.90323
43.17	0.90323
43.33	0.90323
43.50	1.35484
43.67	1.22581
43.83	0.52288
44.00	0.51613
44.17	0.58065
44.33	0.45161
44.50	0.83871
44.67	0.77419
44.83	0.52288
45.00	0.70968
45.17	1.29032
45.33	0.58065
45.50	0.51613
45.67	1.35484
45.83	0.45752
46.00	0.64516
46.17	0.77419
46.33	0.77419
46.50	0.58065
46.67	0.38710
46.83	0.58824
47.00	0.83871
47.17	0.64516
47.33	0.19355
47.50	0.77419
47.67	1.03226
47.83	0.52288
48.00	0.45161
48.17	0.45161
48.33	0.70968
48.50	1.09677
48.67	0.70968
48.83	0.78431
49.00	0.25806
49.17	0.45161
49.33	0.58065
49.50	1.03226
49.67	0.38710
49.83	0.58824
50.00	0.51613
50.17	0.70968
50.33	0.58065
50.50	0.64516
50.67	0.58065
50.83	0.65359
51.00	0.32258
51.17	0.38710
51.33	0.51613
51.50	0.38710
51.67	0.64516
51.83	0.32680
52.00	0.51613
52.17	0.58065
52.33	0.25806
52.50	0.32258
52.67	0.51613
52.83	0.45752
53.00	0.32258
53.17	0.51613
53.33	0.32258
53.50	0.32258
53.67	0.58065
53.83	0.39216
54.00	0.25806
54.17	0.32258
54.33	0.32258
54.50	0.32258
54.67	0.38710
54.83	0.32680
55.00	0.32258
55.17	0.64516
55.33	0.51613
55.50	0.32258
55.67	0.64516
55.83	0.39216
56.00	0.32258
56.17	0.19355
56.33	0.96774
56.50	0.58065
56.67	0.06452
56.83	0.32680
57.00	0.25806
57.17	0.51613
57.33	0.70968
57.50	0.25806
57.67	0.64516
57.83	0.26144
58.00	0.38710
58.17	0.38710
58.33	0.32258
58.50	0.19355
58.67	0.45161
58.83	0.13072
59.00	0.51613
59.17	0.70968
59.33	0.25806
59.50	0.19355
59.67	0.51613
59.83	0.13072
60.00	0.38710
60.17	0.90323
60.33	0.32258
60.50	0.12903
60.67	0.32258
60.83	0.78431
61.00	0.32258
61.17	0.58065
61.33	0.12903
61.50	0.25806
61.67	0.12903
61.83	0.32680
62.00	0.25806
62.17	0.32258
62.33	0.12903
62.50	0.12903
62.67	0.51613
62.83	0.32680
63.00	0.19355
63.17	0.19355
63.33	0.19355
63.50	0.51613
63.67	0.32258
63.83	0.19608
64.00	0.12903
64.17	0.12903
64.33	0.19355
64.50	0.38710
64.67	0.12903
64.83	0.45752
65.00	0.19355
65.17	0.77419
65.33	0.32258
65.50	0.32258
65.67	0.38710
65.83	0.26144
66.00	0.12903
66.17	0.19355
66.33	0.12903
66.50	0.19355
66.67	0.25806
66.83	0.26144
67.00	0.19355
67.17	0.25806
67.33	0.12903
67.50	0.77419
67.67	0.45161
67.83	0.13072
68.00	0.19355
68.17	0.38710
68.33	0.19355
68.50	0.06452
68.67	0.12903
68.83	1.11111
69.00	0.00000
69.17	0.12903
69.33	1.09677
69.50	0.32258
69.67	0.25806
69.83	0.39216
70.00	0.06452
70.17	0.06452
70.33	0.00000
70.50	0.25806
70.67	0.06452
70.83	0.65359
71.00	0.06452
71.17	0.32258
71.33	0.25806
71.50	0.00000
71.67	0.19355
71.83	0.19608
72.00	0.38710
72.17	0.25806
72.33	0.19355
72.50	0.25806
72.67	0.19355
72.83	0.19608
73.00	0.06452
73.17	0.12903
73.33	0.25806
73.50	0.25806
73.67	0.38710
73.83	0.13072
74.00	0.06452
74.17	0.19355
74.33	0.19355
74.50	0.06452
74.67	0.06452
74.83	0.19608
75.00	0.00000
75.17	0.19355
75.33	0.19355
75.50	0.06452
75.67	0.00000
75.83	0.06536
76.00	0.12903
76.17	0.70968
76.33	0.00000
76.50	0.00000
76.67	0.06452
76.83	0.19608
77.00	0.06452
77.17	0.00000
77.33	0.19355
77.50	0.19355
77.67	0.06452
77.83	0.32680
78.00	0.12903
78.17	0.06452
78.33	0.12903
78.50	0.19355
78.67	0.12903
78.83	0.13072
79.00	0.06452
79.17	0.00000
79.33	0.06452
79.50	0.19355
79.67	0.12903
79.83	0.00000
80.00	0.19355
80.17	0.00000
80.33	0.32258
80.50	0.12903
80.67	0.19355
80.83	0.32680
81.00	0.06452
81.17	0.12903
81.33	0.77419
81.50	0.12903
81.67	0.06452
81.83	0.13072
82.00	0.00000
82.17	0.06452
82.33	0.25806
82.50	0.06452
82.67	0.19355
82.83	0.06536
83.00	0.06452
83.17	0.12903
83.33	0.32258
83.50	0.19355
83.67	0.25806
83.83	0.13072
84.00	0.00000
84.17	0.00000
84.33	0.12903
84.50	0.12903
84.67	0.06452
84.83	0.06536
85.00	0.19355
85.17	0.00000
85.33	0.00000
85.50	0.06452
85.67	0.12903
85.83	0.00000
86.00	0.19355
86.17	0.00000
86.33	0.06452
86.50	0.06452
86.67	0.06452
86.83	0.45752
87.00	0.12903
87.17	0.06452
87.33	0.25806
87.50	0.06452
87.67	0.00000
87.83	0.06536
88.00	0.12903
88.17	0.00000
88.33	0.19355
88.50	0.06452
88.67	0.06452
88.83	0.13072
89.00	0.06452
89.17	0.06452
89.33	0.12903
89.50	0.06452
89.67	0.06452
89.83	0.00000
90.00	0.12903
90.17	0.12903
90.33	0.06452
90.50	0.70968
90.67	0.00000
90.83	0.06536
91.00	0.19355
91.17	0.00000
91.33	0.25806
91.50	0.06452
91.67	0.12903
91.83	0.06536
92.00	0.06452
92.17	0.06452
92.33	0.00000
92.50	0.06452
92.67	0.12903
92.83	0.00000
93.00	0.00000
93.17	0.06452
93.33	0.00000
93.50	0.00000
93.67	0.00000
93.83	0.13072
94.00	0.00000
94.17	0.12903
94.33	0.00000
94.50	0.00000
94.67	0.19355
94.83	0.13072
95.00	0.00000
95.17	0.06452
95.33	0.12903
95.50	0.06452
95.67	0.06452
95.83	0.06536
96.00	0.06452
96.17	0.00000
96.33	0.00000
96.50	0.06452
96.67	0.19355
96.83	0.00000
97.00	0.06452
97.17	0.12903
97.33	0.00000
97.50	0.00000
97.67	0.00000
97.83	0.13072
98.00	0.00000
98.17	0.06452
98.33	0.06452
98.50	0.00000
98.67	0.12903
98.83	0.26144
99.00	0.06452
99.17	0.06452
99.33	0.00000
99.50	0.06452
99.67	0.06452
99.83	0.13072
100.00	0.00000
100.17	0.06452
100.33	0.00000
100.50	0.19355
100.67	0.12903
100.83	0.26144
101.00	0.06452
101.17	0.00000
101.33	0.06452
101.50	0.00000
101.67	0.00000
101.83	0.06536
102.00	0.19355
102.17	0.06452
102.33	0.06452
102.50	0.06452
102.67	0.06452
102.83	0.13072
103.00	0.06452
103.17	0.06452
103.33	0.12903
103.50	0.00000
103.67	0.06452
103.83	0.26144
104.00	0.00000
104.17	0.45161
104.33	0.12903
104.50	0.12903
104.67	0.12903
104.83	0.00000
105.00	0.32258
105.17	0.00000
105.33	0.06452
105.50	0.06452
105.67	0.00000
105.83	0.06536
106.00	0.12903
106.17	0.12903
106.33	0.12903
106.50	0.06452
106.67	0.06452
106.83	0.13072
107.00	0.06452
107.17	0.00000
107.33	0.12903
107.50	0.00000
107.67	0.19355
107.83	0.13072
108.00	0.06452
108.17	0.00000
108.33	0.00000
108.50	0.00000
108.67	0.06452
108.83	0.00000
109.00	0.06452
109.17	0.06452
109.33	0.00000
109.50	0.06452
109.67	0.58065
109.83	0.06536
110.00	0.00000
110.17	0.06452
110.33	0.00000
110.50	0.19355
110.67	0.00000
110.83	0.00000
111.00	0.00000
111.17	0.00000
111.33	0.00000
111.50	0.00000
111.67	0.00000
111.83	0.06536
112.00	0.00000
112.17	0.00000
112.33	0.12903
112.50	0.06452
112.67	0.06452
112.83	0.06536
113.00	0.00000
113.17	0.06452
113.33	0.06452
113.50	0.19355
113.67	0.06452
113.83	0.00000
114.00	0.00000
114.17	0.12903
114.33	0.12903
114.50	0.00000
114.67	0.00000
114.83	0.00000
115.00	0.06452
115.17	0.00000
115.33	0.00000
115.50	0.00000
115.67	0.00000
115.83	0.00000
116.00	0.06452
116.17	0.12903
116.33	0.00000
116.50	0.00000
116.67	0.00000
116.83	0.06536
117.00	0.06452
117.17	0.00000
117.33	0.12903
117.50	0.00000
117.67	0.06452
117.83	0.00000
118.00	0.06452
118.17	0.00000
118.33	0.00000
118.50	0.00000
118.67	0.12903
118.83	0.00000
119.00	0.06452
119.17	0.19355
119.33	0.00000
119.50	0.00000
119.67	0.00000
119.83	0.00000
120.00	0.06452
120.17	0.00000
120.33	0.00000
120.50	0.06452
120.67	0.00000
120.83	0.00000
121.00	0.00000
121.17	0.00000
121.33	0.00000
121.50	0.00000
121.67	0.12903
121.83	0.00000
122.00	0.12903
122.17	0.00000
122.33	0.00000
122.50	0.00000
122.67	0.00000
122.83	0.00000
123.00	0.00000
123.17	0.06452
123.33	0.45161
123.50	0.06452
123.67	0.06452
123.83	0.26144
124.00	0.00000
124.17	0.25806
124.33	0.06452
124.50	0.00000
124.67	0.00000
124.83	0.00000
125.00	0.00000
125.17	0.00000
125.33	0.06452
125.50	0.06452
125.67	0.00000
125.83	0.00000
126.00	0.00000
126.17	0.06452
126.33	0.06452
126.50	0.00000
126.67	0.06452
126.83	0.00000
127.00	0.00000
127.17	0.00000
127.33	0.06452
127.50	0.06452
127.67	0.00000
127.83	0.00000
128.00	0.51613
128.17	0.00000
128.33	0.00000
128.50	0.00000
128.67	0.00000
128.83	0.00000
129.00	0.12903
129.17	0.06452
129.33	0.00000
129.50	0.00000
129.67	0.06452
129.83	0.00000
130.00	0.00000
130.17	0.06452
130.33	0.06452
130.50	0.00000
130.67	0.06452
130.83	0.00000
131.00	0.00000
131.17	0.06452
131.33	0.00000
131.50	0.00000
131.67	0.00000
131.83	0.06536
132.00	0.00000
132.17	0.06452
132.33	0.00000
132.50	0.00000
132.67	0.06452
132.83	0.00000
133.00	0.06452
133.17	0.06452
133.33	0.06452
133.50	0.00000
133.67	0.00000
133.83	0.00000
134.00	0.00000
134.17	0.00000
134.33	0.00000
134.50	0.00000
134.67	0.00000
134.83	0.13072
135.00	0.00000
135.17	0.00000
135.33	0.00000
135.50	0.06452
135.67	0.00000
135.83	0.00000
136.00	0.00000
136.17	0.00000
136.33	0.00000
136.50	0.00000
136.67	0.06452
136.83	0.00000
137.00	0.00000
137.17	0.00000
137.33	0.00000
137.50	0.00000
137.67	0.00000
137.83	0.06536
138.00	0.00000
138.17	0.00000
138.33	0.00000
138.50	0.06452
138.67	0.00000
138.83	0.00000
139.00	0.06452
139.17	0.00000
139.33	0.00000
139.50	0.06452
139.67	0.00000
139.83	0.00000
140.00	0.00000
140.17	0.00000
140.33	0.00000
140.50	0.00000
140.67	0.06452
140.83	0.00000
141.00	0.00000
141.17	0.06452
141.33	0.00000
141.50	0.00000
141.67	0.06452
141.83	0.00000
142.00	0.00000
142.17	0.00000
142.33	0.00000
142.50	0.00000
142.67	0.00000
142.83	0.00000
143.00	0.00000
143.17	0.00000
143.33	0.00000
143.50	0.00000
143.67	0.00000
143.83	0.19608
144.00	0.00000
144.17	0.00000
144.33	0.00000
144.50	0.00000
144.67	0.00000
144.83	0.00000
145.00	0.06452
145.17	0.00000
145.33	0.00000
145.50	0.00000
145.67	0.00000
145.83	0.06536
146.00	0.00000
146.17	0.00000
146.33	0.00000
146.50	0.00000
146.67	0.00000
146.83	0.00000
147.00	0.00000
147.17	0.00000
147.33	0.06452
147.50	0.00000
147.67	0.00000
147.83	0.06536
148.00	0.00000
148.17	0.00000
148.33	0.00000
148.50	0.00000
148.67	0.00000
148.83	0.06536
149.00	0.00000
149.17	0.12903
149.33	0.00000
149.50	0.00000
149.67	0.00000
149.83	0.00000
150.00	0.00000
150.17	0.00000
150.33	0.00000
150.50	0.00000
150.67	0.19355
150.83	0.00000
151.00	0.00000
151.17	0.00000
151.33	0.00000
151.50	0.00000
151.67	0.00000
151.83	0.00000
152.00	0.00000
152.17	0.00000
152.33	0.06452
152.50	0.00000
152.67	0.06452
152.83	0.13072
153.00	0.00000
153.17	0.00000
153.33	0.00000
153.50	0.00000
153.67	0.00000
153.83	0.00000
154.00	0.00000
154.17	0.00000
154.33	0.00000
154.50	0.00000
154.67	0.06452
154.83	0.00000
155.00	0.00000
155.17	0.12903
155.33	0.06452
155.50	0.00000
155.67	0.00000
155.83	0.06536
156.00	0.06452
156.17	0.06452
156.33	0.00000
156.50	0.00000
156.67	0.00000
156.83	0.00000
157.00	0.00000
157.17	0.00000
157.33	0.00000
157.50	0.06452
157.67	0.00000
157.83	0.06536
158.00	0.00000
158.17	0.00000
158.33	0.06452
158.50	0.00000
158.67	0.06452
158.83	0.06536
159.00	0.06452
159.17	0.06452
159.33	0.06452
159.50	0.00000
159.67	0.00000
159.83	0.06536
160.00	0.00000
160.17	0.00000
160.33	0.00000
160.50	0.00000
160.67	0.06452
160.83	0.00000
161.00	0.06452
161.17	0.12903
161.33	0.00000
161.50	0.06452
161.67	0.06452
161.83	0.00000
162.00	0.06452
162.17	0.00000
162.33	0.00000
162.50	0.00000
162.67	0.12903
162.83	0.13072
163.00	0.00000
163.17	0.00000
163.33	0.00000
163.50	0.00000
163.67	0.00000
163.83	0.00000
164.00	0.00000
164.17	0.19355
164.33	0.00000
164.50	0.00000
164.67	0.00000
164.83	0.00000
165.00	0.00000
165.17	0.00000
165.33	0.00000
165.50	0.06452
165.67	0.00000
165.83	0.00000
166.00	0.00000
166.17	0.00000
166.33	0.06452
166.50	0.00000
166.67	0.12903
166.83	0.00000
167.00	0.00000
167.17	0.00000
167.33	0.00000
167.50	0.00000
167.67	0.06452
167.83	0.06536
168.00	0.00000
168.17	0.00000
168.33	0.00000
168.50	0.00000
168.67	0.06452
168.83	0.00000
169.00	0.00000
169.17	0.38710
169.33	0.00000
169.50	0.00000
169.67	0.00000
169.83	0.06536
170.00	0.00000
170.17	0.06452
170.33	0.06452
170.50	0.06452
170.67	0.06452
170.83	0.00000
171.00	0.19355
171.17	0.00000
171.33	0.00000
171.50	0.58065
171.67	0.00000
171.83	0.00000
172.00	0.00000
172.17	0.06452
172.33	0.06452
172.50	0.00000
172.67	0.06452
172.83	0.06536
173.00	0.00000
173.17	0.00000
173.33	0.06452
173.50	0.00000
173.67	0.00000
173.83	0.06536
174.00	0.00000
174.17	0.00000
174.33	0.06452
174.50	0.00000
174.67	0.00000
174.83	0.00000
175.00	0.00000
175.17	0.00000
175.33	0.00000
175.50	0.00000
175.67	0.00000
175.83	0.06536
176.00	0.00000
176.17	0.19355
176.33	0.06452
176.50	0.00000
176.67	0.00000
176.83	0.00000
177.00	0.00000
177.17	0.00000
177.33	0.00000
177.50	0.00000
177.67	0.00000
177.83	0.06536
178.00	0.00000
178.17	0.00000
178.33	0.00000
178.50	0.00000
178.67	0.12903
178.83	0.00000
179.00	0.00000
179.17	0.06452
179.33	0.12903
179.50	0.00000
179.67	0.00000
179.83	0.00000
180.00	0.06452
180.17	0.00000
180.33	0.00000
180.50	0.00000
180.67	0.00000
180.83	0.13072
181.00	0.00000
181.17	0.00000
181.33	0.00000
181.50	0.06452
181.67	0.00000
181.83	0.00000
182.00	0.12903
182.17	0.00000
182.33	0.00000
182.50	0.00000
182.67	0.00000
182.83	0.00000
183.00	0.00000
183.17	0.00000
183.33	0.00000
183.50	0.00000
183.67	0.00000
183.83	0.06536
184.00	0.00000
184.17	0.00000
184.33	0.00000
184.50	0.06452
184.67	0.00000
184.83	0.00000
185.00	0.00000
185.17	0.00000
185.33	0.00000
185.50	0.00000
185.67	0.00000
185.83	0.00000
186.00	0.00000
186.17	0.00000
186.33	0.00000
186.50	0.00000
186.67	0.25806
186.83	0.06536
187.00	0.00000
187.17	0.00000
187.33	0.00000
187.50	0.06452
187.67	0.00000
187.83	0.00000
188.00	0.00000
188.17	0.00000
188.33	0.00000
188.50	0.06452
188.67	0.00000
188.83	0.00000
189.00	0.00000
189.17	0.00000
189.33	0.00000
189.50	0.00000
189.67	0.00000
189.83	0.00000
190.00	0.00000
190.17	0.00000
190.33	0.00000
190.50	0.00000
190.67	0.00000
190.83	0.00000
191.00	0.00000
191.17	0.00000
191.33	0.00000
191.50	0.00000
191.67	0.00000
191.83	0.00000
192.00	0.00000
192.17	0.00000
192.33	0.00000
192.50	0.00000
192.67	0.00000
192.83	0.00000
193.00	0.00000
193.17	0.00000
193.33	0.00000
193.50	0.00000
193.67	0.00000
193.83	0.00000
194.00	0.00000
194.17	0.58065
194.33	0.00000
194.50	0.00000
194.67	0.00000
194.83	0.00000
195.00	0.00000
195.17	0.00000
195.33	0.00000
195.50	0.00000
195.67	0.00000
195.83	0.00000
196.00	0.00000
196.17	0.00000
196.33	0.00000
196.50	0.00000
196.67	0.00000
196.83	0.00000
197.00	0.00000
197.17	0.00000
197.33	0.00000
197.50	0.00000
197.67	0.00000
197.83	0.00000
198.00	0.00000
198.17	0.00000
198.33	0.00000
198.50	0.00000
198.67	0.00000
198.83	0.00000
199.00	0.00000
199.17	0.00000
199.33	0.00000
199.50	0.00000
199.67	0.00000
199.83	0.06536
