0.00	70.51613
0.33	58.25806
0.67	45.51948
1.00	39.67742
1.33	35.87097
1.67	32.27273
2.00	27.61290
2.33	27.29032
2.67	23.37662
3.00	25.35484
3.33	25.80645
3.67	18.70130
4.00	21.41935
4.33	19.09677
4.67	18.89610
5.00	20.12903
5.33	15.87097
5.67	17.59740
6.00	18.25806
6.33	17.16129
6.67	14.93507
7.00	17.16129
7.33	15.74193
7.67	13.70130
8.00	13.54839
8.33	10.19355
8.67	12.27273
9.00	11.41935
9.33	11.80645
9.67	12.85714
10.00	13.03226
10.33	11.41935
10.67	8.76623
11.00	10.19355
11.33	10.45161
11.67	9.54545
12.00	9.09677
12.33	9.22581
12.67	9.61039
13.00	9.54839
13.33	8.19355
13.67	7.33766
14.00	6.51613
14.33	6.64516
14.67	7.46753
15.00	7.93548
15.33	6.32258
15.67	7.66234
16.00	4.64516
16.33	6.38710
16.67	6.55844
17.00	5.87097
17.33	5.48387
17.67	5.06494
18.00	5.48387
18.33	4.06452
18.67	5.00000
19.00	4.58065
19.33	4.70968
19.67	4.48052
20.00	4.51613
20.33	4.32258
20.67	5.64935
21.00	3.35484
21.33	3.41935
21.67	4.15584
22.00	4.38710
22.33	2.90323
22.67	3.76623
23.00	3.80645
23.33	2.77419
23.67	4.02597
24.00	3.41935
24.33	2.70968
24.67	3.96104
25.00	3.09677
25.33	3.16129
25.67	2.72727
26.00	2.70968
26.33	3.61290
26.67	2.79221
27.00	1.67742
27.33	2.38710
27.67	2.53247
28.00	1.87097
28.33	2.90323
28.67	1.94805
29.00	1.74194
29.33	1.54839
29.67	2.20779
30.00	1.48387
30.33	1.87097
30.67	1.75325
31.00	1.35484
31.33	2.06452
31.67	2.53247
32.00	1.67742
32.33	2.00000
32.67	1.49351
33.00	2.12903
33.33	0.90323
33.67	1.10390
34.00	1.54839
34.33	1.80645
34.67	0.97403
35.00	1.54839
35.33	1.48387
35.67	1.55844
36.00	0.83871
36.33	1.48387
36.67	0.71429
37.00	1.54839
37.33	1.09677
37.67	1.10390
38.00	0.96774
38.33	1.03226
38.67	0.90909
39.00	0.96774
39.33	1.48387
39.67	0.77922
40.00	0.83871
40.33	1.67742
40.67	0.64935
41.00	0.64516
41.33	1.16129
41.67	0.97403
42.00	0.83871
42.33	0.70968
42.67	0.64935
43.00	0.90323
43.33	0.45161
43.67	0.97403
44.00	0.58065
44.33	0.58065
44.67	0.64935
45.00	1.35484
45.33	0.58065
45.67	0.38961
46.00	0.58065
46.33	0.12903
46.67	0.45455
47.00	0.45161
47.33	0.38710
47.67	0.77922
48.00	0.38710
48.33	0.32258
48.67	0.32468
49.00	0.32258
49.33	0.25806
49.67	0.25974
50.00	0.38710
50.33	0.64516
50.67	0.19481
51.00	0.77419
51.33	0.51613
51.67	0.19481
52.00	0.51613
52.33	0.12903
52.67	0.25974
53.00	0.19355
53.33	0.25806
53.67	0.38961
54.00	0.32258
54.33	0.19355
54.67	0.25974
55.00	0.38710
55.33	0.38710
55.67	0.06494
56.00	0.25806
56.33	0.06452
56.67	0.45455
57.00	0.25806
57.33	0.25806
57.67	0.06494
58.00	0.12903
58.33	0.12903
58.67	0.12987
59.00	0.12903
59.33	0.19355
59.67	0.25974
60.00	0.19355
60.33	0.12903
60.67	0.06494
61.00	0.12903
61.33	0.12903
61.67	0.25974
62.00	0.32258
62.33	0.19355
62.67	0.06494
63.00	0.06452
63.33	0.25806
63.67	0.00000
64.00	0.00000
64.33	0.12903
64.67	0.06494
65.00	0.12903
65.33	0.06452
65.67	0.06494
66.00	0.06452
66.33	0.06452
66.67	0.25974
67.00	0.12903
67.33	0.00000
67.67	0.00000
68.00	0.00000
68.33	0.58065
68.67	0.00000
69.00	0.19355
69.33	0.06452
69.67	0.00000
70.00	0.00000
70.33	0.06452
70.67	0.12987
71.00	0.00000
71.33	0.00000
71.67	0.00000
72.00	0.00000
72.33	0.06452
72.67	0.12987
73.00	0.25806
73.33	0.06452
73.67	0.00000
74.00	0.12903
74.33	0.12903
74.67	0.12987
75.00	0.00000
75.33	0.06452
75.67	0.19481
76.00	0.00000
76.33	0.00000
76.67	0.12987
77.00	0.00000
77.33	0.12903
77.67	0.06494
78.00	0.06452
78.33	0.12903
78.67	0.06494
79.00	0.00000
79.33	0.06452
79.67	0.06494
80.00	0.00000
80.33	0.00000
80.67	0.12987
81.00	0.00000
81.33	0.00000
81.67	0.00000
82.00	0.00000
82.33	0.00000
82.67	0.06494
83.00	0.06452
83.33	0.06452
83.67	0.00000
84.00	0.00000
84.33	0.00000
84.67	0.12987
85.00	0.00000
85.33	0.64516
85.67	0.00000
86.00	0.00000
86.33	0.00000
86.67	0.00000
87.00	0.06452
87.33	0.00000
87.67	0.00000
88.00	0.00000
88.33	0.00000
88.67	0.00000
89.00	0.00000
89.33	0.06452
89.67	0.06494
90.00	0.00000
90.33	0.00000
90.67	0.00000
91.00	0.00000
91.33	0.00000
91.67	0.06494
92.00	0.00000
92.33	0.00000
92.67	0.00000
93.00	0.00000
93.33	0.00000
93.67	0.00000
94.00	0.00000
94.33	0.06452
94.67	0.00000
95.00	0.06452
95.33	0.00000
95.67	0.06494
96.00	0.00000
96.33	0.00000
96.67	0.00000
97.00	0.00000
97.33	0.00000
97.67	0.00000
98.00	0.00000
98.33	0.00000
98.67	0.00000
99.00	0.00000
99.33	0.00000
99.67	0.00000
100.00	0.00000
100.33	0.00000
100.67	0.00000
101.00	0.00000
101.33	0.00000
101.67	0.00000
102.00	0.06452
102.33	0.00000
102.67	0.00000
103.00	0.00000
103.33	0.06452
103.67	0.00000
104.00	0.00000
104.33	0.00000
104.67	0.00000
105.00	0.00000
105.33	0.00000
105.67	0.00000
106.00	0.00000
106.33	0.00000
106.67	0.00000
107.00	0.00000
107.33	0.00000
107.67	0.00000
108.00	0.00000
108.33	0.00000
108.67	0.00000
109.00	0.06452
109.33	0.00000
109.67	0.00000
110.00	0.00000
110.33	0.00000
110.67	0.00000
111.00	0.00000
111.33	0.00000
111.67	0.00000
112.00	0.06452
112.33	0.00000
112.67	0.00000
113.00	0.00000
113.33	0.00000
113.67	0.00000
114.00	0.00000
114.33	0.00000
114.67	0.00000
115.00	0.00000
115.33	0.00000
115.67	0.00000
116.00	0.00000
116.33	0.00000
116.67	0.00000
117.00	0.00000
117.33	0.00000
117.67	0.00000
118.00	0.00000
118.33	0.00000
118.67	0.00000
119.00	0.00000
119.33	0.00000
119.67	0.00000
120.00	0.00000
120.33	0.00000
120.67	0.00000
121.00	0.19355
121.33	0.00000
121.67	0.00000
122.00	0.00000
122.33	0.00000
122.67	0.00000
123.00	0.00000
123.33	0.00000
123.67	0.00000
124.00	0.00000
124.33	0.00000
124.67	0.00000
125.00	0.00000
125.33	0.00000
125.67	0.00000
126.00	0.00000
126.33	0.00000
126.67	0.00000
127.00	0.00000
127.33	0.00000
127.67	0.00000
128.00	0.00000
128.33	0.00000
128.67	0.00000
129.00	0.00000
129.33	0.00000
129.67	0.00000
130.00	0.00000
130.33	0.00000
130.67	0.00000
131.00	0.00000
131.33	0.00000
131.67	0.00000
132.00	0.00000
132.33	0.00000
132.67	0.00000
133.00	0.00000
133.33	0.00000
133.67	0.00000
134.00	0.00000
134.33	0.00000
134.67	0.00000
135.00	0.00000
135.33	0.00000
135.67	0.00000
136.00	0.00000
136.33	0.00000
136.67	0.00000
137.00	0.00000
137.33	0.00000
137.67	0.00000
138.00	0.00000
138.33	0.00000
138.67	0.00000
139.00	0.00000
139.33	0.00000
139.67	0.00000
140.00	0.00000
140.33	0.00000
140.67	0.00000
141.00	0.00000
141.33	0.00000
141.67	0.00000
142.00	0.00000
142.33	0.00000
142.67	0.00000
143.00	0.00000
143.33	0.00000
143.67	0.00000
144.00	0.00000
144.33	0.00000
144.67	0.00000
145.00	0.00000
145.33	0.00000
145.67	0.00000
146.00	0.00000
146.33	0.00000
146.67	0.00000
147.00	0.00000
147.33	0.00000
147.67	0.00000
148.00	0.00000
148.33	0.00000
148.67	0.00000
149.00	0.00000
149.33	0.00000
149.67	0.00000
150.00	0.00000
150.33	0.00000
150.67	0.00000
151.00	0.00000
151.33	0.00000
151.67	0.00000
152.00	0.00000
152.33	0.00000
152.67	0.00000
153.00	0.00000
153.33	0.00000
153.67	0.00000
154.00	0.00000
154.33	0.00000
154.67	0.00000
155.00	0.00000
155.33	0.00000
155.67	0.00000
156.00	0.00000
156.33	0.00000
156.67	0.00000
157.00	0.00000
157.33	0.00000
157.67	0.00000
158.00	0.00000
158.33	0.00000
158.67	0.00000
159.00	0.00000
159.33	0.00000
159.67	0.00000
160.00	0.00000
160.33	0.00000
160.67	0.00000
161.00	0.00000
161.33	0.00000
161.67	0.00000
162.00	0.00000
162.33	0.00000
162.67	0.00000
163.00	0.00000
163.33	0.00000
163.67	0.00000
164.00	0.00000
164.33	0.00000
164.67	0.00000
165.00	0.00000
165.33	0.00000
165.67	0.00000
166.00	0.00000
166.33	0.00000
166.67	0.00000
167.00	0.00000
167.33	0.00000
167.67	0.00000
168.00	0.00000
168.33	0.00000
168.67	0.00000
169.00	0.00000
169.33	0.00000
169.67	0.00000
170.00	0.00000
170.33	0.00000
170.67	0.00000
171.00	0.00000
171.33	0.00000
171.67	0.00000
172.00	0.00000
172.33	0.00000
172.67	0.00000
173.00	0.00000
173.33	0.00000
173.67	0.00000
174.00	0.00000
174.33	0.00000
174.67	0.00000
175.00	0.00000
175.33	0.00000
175.67	0.00000
176.00	0.00000
176.33	0.00000
176.67	0.00000
177.00	0.00000
177.33	0.00000
177.67	0.00000
178.00	0.00000
178.33	0.00000
178.67	0.00000
179.00	0.00000
179.33	0.00000
179.67	0.00000
180.00	0.00000
180.33	0.00000
180.67	0.00000
181.00	0.00000
181.33	0.00000
181.67	0.00000
182.00	0.00000
182.33	0.00000
182.67	0.00000
183.00	0.00000
183.33	0.00000
183.67	0.00000
184.00	0.00000
184.33	0.00000
184.67	0.00000
185.00	0.00000
185.33	0.00000
185.67	0.00000
186.00	0.00000
186.33	0.00000
186.67	0.00000
187.00	0.00000
187.33	0.00000
187.67	0.00000
188.00	0.00000
188.33	0.00000
188.67	0.00000
189.00	0.00000
189.33	0.12903
189.67	0.00000
190.00	0.00000
190.33	0.00000
190.67	0.00000
191.00	0.00000
191.33	0.00000
191.67	0.00000
192.00	0.00000
192.33	0.00000
192.67	0.00000
193.00	0.00000
193.33	0.00000
193.67	0.00000
194.00	0.00000
194.33	0.00000
194.67	0.00000
195.00	0.00000
195.33	0.00000
195.67	0.00000
196.00	0.00000
196.33	0.00000
196.67	0.00000
197.00	0.00000
197.33	0.00000
197.67	0.00000
198.00	0.00000
198.33	0.00000
198.67	0.00000
199.00	0.00000
199.33	0.00000
199.67	0.00000
