0.00	0.11290
0.33	0.09677
0.67	0.10390
1.00	0.20323
1.33	0.22903
1.67	0.21429
2.00	0.26129
2.33	0.26774
2.67	0.28896
3.00	0.30323
3.33	0.31290
3.67	0.28571
4.00	0.35484
4.33	0.33548
4.67	0.36364
5.00	0.35484
5.33	0.40323
5.67	0.39610
6.00	0.41935
6.33	0.38710
6.67	0.44156
7.00	0.38065
7.33	0.43548
7.67	0.45779
8.00	0.46452
8.33	0.50645
8.67	0.47727
9.00	0.53871
9.33	0.47097
9.67	0.48701
10.00	0.49032
10.33	0.48065
10.67	0.55195
11.00	0.55484
11.33	0.54839
11.67	0.52597
12.00	0.56452
12.33	0.56452
12.67	0.58766
13.00	0.59032
13.33	0.55806
13.67	0.57792
14.00	0.64194
14.33	0.58387
14.67	0.62338
15.00	0.62258
15.33	0.62903
15.67	0.67208
16.00	0.64194
16.33	0.59032
16.67	0.67532
17.00	0.68710
17.33	0.63226
17.67	0.65260
18.00	0.64194
18.33	0.70000
18.67	0.65909
19.00	0.70323
19.33	0.68710
19.67	0.68831
20.00	0.72903
20.33	0.71290
20.67	0.71429
21.00	0.69355
21.33	0.72581
21.67	0.75000
22.00	0.69677
22.33	0.73548
22.67	0.74026
23.00	0.74839
23.33	0.79677
23.67	0.75974
24.00	0.75806
24.33	0.76774
24.67	0.78247
25.00	0.77419
25.33	0.79032
25.67	0.78896
26.00	0.80968
26.33	0.79355
26.67	0.77597
27.00	0.83226
27.33	0.80000
27.67	0.80195
28.00	0.84194
28.33	0.80323
28.67	0.80195
29.00	0.83548
29.33	0.81290
29.67	0.82468
30.00	0.84194
30.33	0.86774
30.67	0.83117
31.00	0.85484
31.33	0.85161
31.67	0.88636
32.00	0.85806
32.33	0.86452
32.67	0.84091
33.00	0.86774
33.33	0.88387
33.67	0.85065
34.00	0.87419
34.33	0.87419
34.67	0.87662
35.00	0.86452
35.33	0.89677
35.67	0.86039
36.00	0.88710
36.33	0.85161
36.67	0.91558
37.00	0.89355
37.33	0.91290
37.67	0.89610
38.00	0.90000
38.33	0.90645
38.67	0.90260
39.00	0.90968
39.33	0.89677
39.67	0.89286
40.00	0.91613
40.33	0.91290
40.67	0.92857
41.00	0.90645
41.33	0.90323
41.67	0.91558
42.00	0.93226
42.33	0.93871
42.67	0.89610
43.00	0.93226
43.33	0.91935
43.67	0.93506
44.00	0.93548
44.33	0.94194
44.67	0.92857
45.00	0.94516
45.33	0.93548
45.67	0.92857
46.00	0.93226
46.33	0.94839
46.67	0.93506
47.00	0.95161
47.33	0.94516
47.67	0.91558
48.00	0.92581
48.33	0.97419
48.67	0.94805
49.00	0.95161
49.33	0.92581
49.67	0.95130
50.00	0.95484
50.33	0.95484
50.67	0.94481
51.00	0.93548
51.33	0.95806
51.67	0.95779
52.00	0.94839
52.33	0.97097
52.67	0.96429
53.00	0.96452
53.33	0.97419
53.67	0.95455
54.00	0.94839
54.33	0.95161
54.67	0.96753
55.00	0.96774
55.33	0.95484
55.67	0.97078
56.00	0.98065
56.33	0.98065
56.67	0.97078
57.00	0.96452
57.33	0.98065
57.67	0.97403
58.00	0.96129
58.33	0.98710
58.67	0.97078
59.00	0.98710
59.33	0.97742
59.67	0.98052
60.00	0.97419
60.33	0.98387
60.67	0.98377
61.00	0.97419
61.33	0.98065
61.67	0.97727
62.00	0.97419
62.33	0.97419
62.67	0.96753
63.00	0.98387
63.33	0.97419
63.67	0.98052
64.00	0.98065
64.33	0.99032
64.67	0.98052
65.00	0.98065
65.33	0.97419
65.67	0.98052
66.00	0.98710
66.33	0.99032
66.67	0.98377
67.00	0.98387
67.33	0.98387
67.67	0.97078
68.00	0.99032
68.33	0.98387
68.67	0.99675
69.00	0.99355
69.33	0.99032
69.67	0.98701
70.00	0.98710
70.33	0.99355
70.67	0.99351
71.00	0.98387
71.33	0.99677
71.67	0.98377
72.00	0.98387
72.33	0.98387
72.67	0.99351
73.00	0.98065
73.33	0.99355
73.67	0.98377
74.00	1.00000
74.33	0.99677
74.67	0.98701
75.00	0.98710
75.33	0.98710
75.67	0.99351
76.00	0.98387
76.33	0.99355
76.67	0.99351
77.00	0.98710
77.33	0.99032
77.67	0.99026
78.00	1.00000
78.33	0.99355
78.67	0.99026
79.00	0.99355
79.33	1.00000
79.67	0.99675
80.00	0.99355
80.33	0.99677
80.67	0.99351
81.00	0.99032
81.33	0.99355
81.67	0.99675
82.00	1.00000
82.33	0.99355
82.67	0.99675
83.00	1.00000
83.33	0.98387
83.67	0.99026
84.00	0.99677
84.33	0.99355
84.67	1.00000
85.00	0.99677
85.33	1.00000
85.67	0.99351
86.00	0.99677
86.33	0.99677
86.67	0.99675
87.00	0.99032
87.33	1.00000
87.67	0.99675
88.00	1.00000
88.33	1.00000
88.67	0.99351
89.00	1.00000
89.33	1.00000
89.67	1.00000
90.00	1.00000
90.33	0.99677
90.67	0.99351
91.00	1.00000
91.33	1.00000
91.67	1.00000
92.00	1.00000
92.33	1.00000
92.67	0.99675
93.00	1.00000
93.33	0.99355
93.67	0.99675
94.00	1.00000
94.33	0.99677
94.67	1.00000
95.00	1.00000
95.33	0.99355
95.67	0.99675
96.00	0.99677
96.33	0.99677
96.67	0.99675
97.00	1.00000
97.33	1.00000
97.67	0.99675
98.00	0.99677
98.33	1.00000
98.67	0.99675
99.00	1.00000
99.33	1.00000
99.67	1.00000
100.00	1.00000
100.33	1.00000
100.67	0.99675
101.00	0.99677
101.33	1.00000
101.67	0.99675
102.00	0.99677
102.33	1.00000
102.67	1.00000
103.00	0.99355
103.33	1.00000
103.67	0.99675
104.00	1.00000
104.33	1.00000
104.67	0.99675
105.00	0.99355
105.33	1.00000
105.67	1.00000
106.00	1.00000
106.33	0.99677
106.67	0.99675
107.00	1.00000
107.33	1.00000
107.67	1.00000
108.00	1.00000
108.33	1.00000
108.67	0.99675
109.00	0.99677
109.33	1.00000
109.67	1.00000
110.00	1.00000
110.33	0.99677
110.67	1.00000
111.00	1.00000
111.33	1.00000
111.67	0.99675
112.00	0.99677
112.33	1.00000
112.67	1.00000
113.00	1.00000
113.33	1.00000
113.67	1.00000
114.00	1.00000
114.33	1.00000
114.67	1.00000
115.00	1.00000
115.33	1.00000
115.67	1.00000
116.00	1.00000
116.33	1.00000
116.67	1.00000
117.00	1.00000
117.33	0.99677
117.67	0.99675
118.00	0.99677
118.33	1.00000
118.67	1.00000
119.00	1.00000
119.33	1.00000
119.67	1.00000
120.00	1.00000
120.33	1.00000
120.67	0.99675
121.00	1.00000
121.33	0.99677
121.67	1.00000
122.00	1.00000
122.33	1.00000
122.67	1.00000
123.00	1.00000
123.33	1.00000
123.67	1.00000
124.00	1.00000
124.33	1.00000
124.67	1.00000
125.00	1.00000
125.33	1.00000
125.67	1.00000
126.00	1.00000
126.33	1.00000
126.67	1.00000
127.00	1.00000
127.33	1.00000
127.67	1.00000
128.00	1.00000
128.33	0.99677
128.67	0.99675
129.00	1.00000
129.33	1.00000
129.67	1.00000
130.00	1.00000
130.33	1.00000
130.67	1.00000
131.00	1.00000
131.33	1.00000
131.67	1.00000
132.00	1.00000
132.33	1.00000
132.67	1.00000
133.00	1.00000
133.33	1.00000
133.67	1.00000
134.00	1.00000
134.33	1.00000
134.67	1.00000
135.00	1.00000
135.33	1.00000
135.67	1.00000
136.00	1.00000
136.33	1.00000
136.67	1.00000
137.00	1.00000
137.33	1.00000
137.67	0.99675
138.00	1.00000
138.33	1.00000
138.67	1.00000
139.00	1.00000
139.33	0.99677
139.67	1.00000
140.00	1.00000
140.33	1.00000
140.67	1.00000
141.00	1.00000
141.33	1.00000
141.67	1.00000
142.00	1.00000
142.33	0.99677
142.67	0.99675
143.00	1.00000
143.33	1.00000
143.67	1.00000
144.00	1.00000
144.33	1.00000
144.67	1.00000
145.00	1.00000
145.33	1.00000
145.67	1.00000
146.00	1.00000
146.33	1.00000
146.67	1.00000
147.00	1.00000
147.33	1.00000
147.67	1.00000
148.00	1.00000
148.33	1.00000
148.67	1.00000
149.00	1.00000
149.33	1.00000
149.67	1.00000
150.00	1.00000
150.33	1.00000
150.67	1.00000
151.00	1.00000
151.33	1.00000
151.67	1.00000
152.00	1.00000
152.33	1.00000
152.67	1.00000
153.00	1.00000
153.33	1.00000
153.67	1.00000
154.00	1.00000
154.33	1.00000
154.67	1.00000
155.00	1.00000
155.33	1.00000
155.67	1.00000
156.00	1.00000
156.33	1.00000
156.67	1.00000
157.00	1.00000
157.33	1.00000
157.67	1.00000
158.00	1.00000
158.33	1.00000
158.67	1.00000
159.00	1.00000
159.33	1.00000
159.67	1.00000
160.00	1.00000
160.33	1.00000
160.67	1.00000
161.00	1.00000
161.33	1.00000
161.67	1.00000
162.00	1.00000
162.33	1.00000
162.67	1.00000
163.00	1.00000
163.33	1.00000
163.67	1.00000
164.00	1.00000
164.33	1.00000
164.67	1.00000
165.00	1.00000
165.33	1.00000
165.67	1.00000
166.00	1.00000
166.33	1.00000
166.67	1.00000
167.00	1.00000
167.33	1.00000
167.67	1.00000
168.00	1.00000
168.33	1.00000
168.67	0.99675
169.00	1.00000
169.33	1.00000
169.67	1.00000
170.00	1.00000
170.33	1.00000
170.67	1.00000
171.00	1.00000
171.33	1.00000
171.67	1.00000
172.00	1.00000
172.33	1.00000
172.67	1.00000
173.00	1.00000
173.33	1.00000
173.67	1.00000
174.00	1.00000
174.33	1.00000
174.67	1.00000
175.00	1.00000
175.33	1.00000
175.67	1.00000
176.00	1.00000
176.33	1.00000
176.67	1.00000
177.00	1.00000
177.33	1.00000
177.67	1.00000
178.00	1.00000
178.33	1.00000
178.67	1.00000
179.00	1.00000
179.33	1.00000
179.67	1.00000
180.00	1.00000
180.33	1.00000
180.67	1.00000
181.00	1.00000
181.33	1.00000
181.67	1.00000
182.00	1.00000
182.33	1.00000
182.67	1.00000
183.00	1.00000
183.33	1.00000
183.67	1.00000
184.00	1.00000
184.33	1.00000
184.67	1.00000
185.00	1.00000
185.33	1.00000
185.67	1.00000
186.00	1.00000
186.33	1.00000
186.67	1.00000
187.00	1.00000
187.33	1.00000
187.67	1.00000
188.00	1.00000
188.33	1.00000
188.67	1.00000
189.00	0.99677
189.33	1.00000
189.67	1.00000
190.00	1.00000
190.33	1.00000
190.67	1.00000
191.00	1.00000
191.33	1.00000
191.67	1.00000
192.00	1.00000
192.33	1.00000
192.67	1.00000
193.00	1.00000
193.33	1.00000
193.67	1.00000
194.00	1.00000
194.33	1.00000
194.67	1.00000
195.00	1.00000
195.33	1.00000
195.67	0.99675
196.00	1.00000
196.33	1.00000
196.67	1.00000
197.00	1.00000
197.33	1.00000
197.67	1.00000
198.00	1.00000
198.33	1.00000
198.67	1.00000
199.00	1.00000
199.33	1.00000
199.67	1.00000
