0.00	2.59232
0.33	2.59747
0.67	2.41778
1.00	2.28591
1.33	2.16612
1.67	2.18526
2.00	2.06107
2.33	2.04914
2.67	1.97539
3.00	1.95527
3.33	1.95270
3.67	1.90212
4.00	1.83611
4.33	1.83819
4.67	1.73698
5.00	1.77940
5.33	1.71096
5.67	1.68818
6.00	1.64876
6.33	1.62392
6.67	1.56421
7.00	1.66769
7.33	1.61032
7.67	1.52303
8.00	1.52779
8.33	1.41344
8.67	1.54765
9.00	1.39129
9.33	1.48432
9.67	1.50545
10.00	1.47579
10.33	1.44755
10.67	1.34793
11.00	1.34537
11.33	1.35204
11.67	1.32562
12.00	1.29722
12.33	1.29055
12.67	1.24143
13.00	1.26399
13.33	1.25493
13.67	1.24179
14.00	1.18787
14.33	1.21795
14.67	1.15353
15.00	1.20782
15.33	1.14125
15.67	1.11658
16.00	1.15004
16.33	1.17449
16.67	1.09990
17.00	1.08342
17.33	1.09237
17.67	1.08258
18.00	1.08440
18.33	1.05718
18.67	1.05102
19.00	1.01476
19.33	1.03096
19.67	1.00734
20.00	1.01779
20.33	0.96857
20.67	0.93202
21.00	0.96894
21.33	0.98832
21.67	0.91709
22.00	0.93958
22.33	0.94899
22.67	0.90742
23.00	0.88729
23.33	0.84938
23.67	0.85964
24.00	0.87695
24.33	0.83870
24.67	0.83192
25.00	0.81425
25.33	0.82746
25.67	0.80222
26.00	0.76247
26.33	0.81969
26.67	0.79206
27.00	0.71767
27.33	0.73161
27.67	0.75971
28.00	0.73009
28.33	0.76422
28.67	0.74895
29.00	0.71572
29.33	0.70433
29.67	0.72141
30.00	0.67626
30.33	0.68295
30.67	0.70830
31.00	0.65233
31.33	0.65723
31.67	0.63170
32.00	0.64894
32.33	0.62860
32.67	0.65134
33.00	0.62753
33.33	0.61117
33.67	0.61929
34.00	0.63453
34.33	0.59961
34.67	0.60110
35.00	0.58893
35.33	0.57333
35.67	0.56242
36.00	0.55722
36.33	0.58278
36.67	0.52532
37.00	0.53688
37.33	0.51994
37.67	0.54115
38.00	0.52848
38.33	0.52227
38.67	0.49317
39.00	0.51352
39.33	0.52148
39.67	0.49980
40.00	0.47733
40.33	0.48321
40.67	0.47164
41.00	0.47837
41.33	0.48513
41.67	0.48239
42.00	0.43994
42.33	0.43170
42.67	0.47145
43.00	0.44015
43.33	0.45625
43.67	0.40485
44.00	0.42284
44.33	0.43982
44.67	0.41282
45.00	0.39767
45.33	0.41652
45.67	0.43195
46.00	0.41056
46.33	0.37806
46.67	0.40102
47.00	0.37945
47.33	0.34850
47.67	0.41709
48.00	0.42013
48.33	0.35038
48.67	0.36073
49.00	0.34774
49.33	0.37583
49.67	0.35224
50.00	0.34592
50.33	0.33500
50.67	0.36195
51.00	0.36579
51.33	0.34122
51.67	0.32036
52.00	0.32867
52.33	0.29632
52.67	0.30200
53.00	0.30469
53.33	0.30011
53.67	0.30700
54.00	0.31841
54.33	0.29886
54.67	0.28729
55.00	0.29995
55.33	0.29560
55.67	0.28796
56.00	0.26854
56.33	0.24978
56.67	0.27654
57.00	0.25642
57.33	0.27576
57.67	0.26989
58.00	0.27971
58.33	0.24500
58.67	0.24535
59.00	0.25139
59.33	0.26032
59.67	0.23940
60.00	0.23251
60.33	0.23854
60.67	0.24383
61.00	0.25187
61.33	0.23916
61.67	0.23580
62.00	0.24569
62.33	0.22792
62.67	0.25907
63.00	0.23652
63.33	0.24304
63.67	0.21044
64.00	0.22440
64.33	0.22619
64.67	0.21355
65.00	0.21864
65.33	0.20820
65.67	0.20223
66.00	0.19408
66.33	0.18915
66.67	0.20215
67.00	0.17760
67.33	0.18656
67.67	0.20443
68.00	0.17807
68.33	0.20023
68.67	0.17996
69.00	0.18649
69.33	0.17891
69.67	0.19028
70.00	0.16722
70.33	0.18883
70.67	0.15885
71.00	0.16799
71.33	0.14989
71.67	0.20233
72.00	0.16659
72.33	0.16612
72.67	0.16601
73.00	0.17361
73.33	0.15680
73.67	0.16461
74.00	0.13980
74.33	0.17082
74.67	0.15255
75.00	0.13684
75.33	0.14710
75.67	0.15195
76.00	0.14722
76.33	0.13837
76.67	0.13244
77.00	0.14405
77.33	0.14870
77.67	0.14981
78.00	0.12970
78.33	0.13406
78.67	0.15115
79.00	0.13071
79.33	0.12607
79.67	0.13412
80.00	0.13215
80.33	0.13302
80.67	0.11921
81.00	0.11799
81.33	0.12647
81.67	0.12893
82.00	0.11308
82.33	0.11909
82.67	0.11776
83.00	0.11164
83.33	0.13518
83.67	0.12932
84.00	0.11420
84.33	0.12579
84.67	0.10195
85.00	0.10950
85.33	0.11851
85.67	0.09812
86.00	0.11287
86.33	0.11668
86.67	0.10356
87.00	0.11390
87.33	0.10217
87.67	0.10955
88.00	0.11622
88.33	0.10158
88.67	0.10952
89.00	0.09438
89.33	0.09521
89.67	0.08602
90.00	0.09860
90.33	0.09256
90.67	0.10358
91.00	0.09132
91.33	0.07978
91.67	0.08974
92.00	0.09068
92.33	0.09219
92.67	0.09946
93.00	0.09236
93.33	0.09066
93.67	0.07994
94.00	0.07460
94.33	0.08048
94.67	0.07639
95.00	0.07771
95.33	0.09327
95.67	0.08376
96.00	0.07783
96.33	0.08336
96.67	0.08720
97.00	0.07154
97.33	0.07483
97.67	0.08654
98.00	0.07511
98.33	0.07807
98.67	0.06610
99.00	0.06951
99.33	0.07384
99.67	0.08002
100.00	0.06649
100.33	0.07691
100.67	0.08112
101.00	0.07438
101.33	0.06682
101.67	0.06796
102.00	0.06914
102.33	0.06570
102.67	0.06543
103.00	0.07921
103.33	0.06918
103.67	0.05895
104.00	0.05907
104.33	0.06522
104.67	0.06640
105.00	0.08236
105.33	0.06723
105.67	0.06661
106.00	0.05520
106.33	0.06042
106.67	0.06340
107.00	0.05537
107.33	0.06170
107.67	0.06420
108.00	0.05990
108.33	0.05482
108.67	0.06422
109.00	0.06536
109.33	0.05542
109.67	0.06843
110.00	0.05741
110.33	0.05263
110.67	0.07105
111.00	0.06141
111.33	0.05152
111.67	0.05767
112.00	0.05628
112.33	0.04929
112.67	0.06308
113.00	0.04620
113.33	0.05665
113.67	0.04739
114.00	0.05441
114.33	0.05333
114.67	0.05149
115.00	0.04958
115.33	0.05936
115.67	0.04575
116.00	0.04968
116.33	0.04889
116.67	0.05105
117.00	0.05229
117.33	0.04487
117.67	0.05767
118.00	0.05305
118.33	0.04289
118.67	0.04239
119.00	0.05099
119.33	0.04554
119.67	0.04363
120.00	0.04571
120.33	0.03795
120.67	0.05248
121.00	0.04710
121.33	0.05178
121.67	0.04126
122.00	0.04507
122.33	0.04649
122.67	0.04610
123.00	0.04320
123.33	0.03734
123.67	0.04083
124.00	0.03902
124.33	0.04323
124.67	0.04643
125.00	0.03876
125.33	0.04473
125.67	0.04425
126.00	0.03680
126.33	0.04388
126.67	0.03854
127.00	0.04459
127.33	0.04004
127.67	0.03840
128.00	0.03619
128.33	0.04098
128.67	0.03518
129.00	0.03350
129.33	0.03856
129.67	0.03758
130.00	0.04187
130.33	0.03809
130.67	0.03610
131.00	0.03266
131.33	0.03808
131.67	0.03739
132.00	0.03588
132.33	0.03973
132.67	0.03317
133.00	0.04247
133.33	0.03577
133.67	0.03390
134.00	0.03263
134.33	0.04057
134.67	0.03536
135.00	0.03472
135.33	0.02971
135.67	0.03686
136.00	0.03603
136.33	0.02973
136.67	0.03128
137.00	0.02997
137.33	0.02955
137.67	0.03856
138.00	0.03063
138.33	0.03160
138.67	0.03431
139.00	0.02893
139.33	0.03835
139.67	0.04217
140.00	0.03187
140.33	0.03274
140.67	0.02878
141.00	0.03469
141.33	0.03522
141.67	0.03131
142.00	0.03422
142.33	0.03365
142.67	0.03506
143.00	0.02981
143.33	0.03211
143.67	0.02945
144.00	0.02800
144.33	0.02888
144.67	0.03202
145.00	0.02811
145.33	0.03236
145.67	0.02907
146.00	0.02808
146.33	0.02811
146.67	0.02864
147.00	0.02744
147.33	0.03450
147.67	0.03434
148.00	0.02311
148.33	0.02521
148.67	0.03178
149.00	0.02635
149.33	0.02478
149.67	0.02572
150.00	0.03100
150.33	0.03223
150.67	0.02652
151.00	0.03036
151.33	0.02342
151.67	0.02807
152.00	0.02360
152.33	0.02514
152.67	0.02620
153.00	0.02898
153.33	0.02416
153.67	0.02331
154.00	0.02103
154.33	0.02430
154.67	0.02531
155.00	0.02475
155.33	0.02643
155.67	0.02686
156.00	0.02223
156.33	0.02279
156.67	0.02330
157.00	0.02362
157.33	0.02157
157.67	0.02440
158.00	0.02583
158.33	0.02504
158.67	0.02223
159.00	0.02227
159.33	0.01979
159.67	0.02051
160.00	0.02471
160.33	0.02793
160.67	0.02202
161.00	0.02403
161.33	0.02563
161.67	0.02023
162.00	0.02057
162.33	0.02262
162.67	0.02106
163.00	0.02084
163.33	0.01973
163.67	0.02157
164.00	0.01713
164.33	0.02458
164.67	0.02261
165.00	0.01932
165.33	0.02347
165.67	0.02388
166.00	0.02340
166.33	0.02229
166.67	0.02049
167.00	0.01791
167.33	0.02034
167.67	0.02131
168.00	0.02468
168.33	0.01965
168.67	0.02014
169.00	0.02202
169.33	0.02320
169.67	0.02232
170.00	0.01882
170.33	0.02002
170.67	0.01921
171.00	0.02095
171.33	0.01958
171.67	0.01781
172.00	0.02069
172.33	0.01933
172.67	0.01933
173.00	0.01932
173.33	0.01736
173.67	0.02273
174.00	0.01999
174.33	0.01771
174.67	0.02243
175.00	0.02065
175.33	0.01661
175.67	0.02171
176.00	0.01717
176.33	0.01961
176.67	0.01934
177.00	0.01656
177.33	0.01929
177.67	0.02026
178.00	0.01706
178.33	0.01895
178.67	0.01904
179.00	0.01801
179.33	0.02172
179.67	0.01410
180.00	0.01579
180.33	0.02020
180.67	0.01820
181.00	0.01961
181.33	0.01712
181.67	0.01786
182.00	0.01674
182.33	0.01344
182.67	0.01648
183.00	0.01920
183.33	0.01725
183.67	0.01920
184.00	0.01510
184.33	0.01820
184.67	0.01481
185.00	0.01754
185.33	0.01753
185.67	0.01471
186.00	0.01450
186.33	0.01649
186.67	0.01640
187.00	0.01399
187.33	0.01476
187.67	0.01787
188.00	0.01546
188.33	0.01436
188.67	0.01923
189.00	0.01672
189.33	0.01459
189.67	0.01569
190.00	0.01230
190.33	0.01655
190.67	0.01509
191.00	0.01456
191.33	0.01438
191.67	0.01182
192.00	0.01449
192.33	0.01198
192.67	0.01575
193.00	0.01483
193.33	0.01737
193.67	0.01337
194.00	0.01741
194.33	0.01509
194.67	0.01718
195.00	0.01812
195.33	0.01160
195.67	0.01876
196.00	0.01483
196.33	0.01429
196.67	0.01678
197.00	0.01788
197.33	0.01396
197.67	0.01742
198.00	0.01229
198.33	0.01718
198.67	0.01509
199.00	0.01446
199.33	0.01569
199.67	0.01272
