0.00	67.87096
0.33	65.74194
0.67	66.03896
1.00	47.22580
1.33	45.09678
1.67	42.20779
2.00	40.83871
2.33	37.41935
2.67	33.63636
3.00	36.51613
3.33	31.80645
3.67	30.25974
4.00	29.41936
4.33	27.03226
4.67	28.31169
5.00	31.09677
5.33	23.87097
5.67	26.81818
6.00	22.00000
6.33	23.03226
6.67	20.51948
7.00	23.87097
7.33	20.06452
7.67	21.23377
8.00	19.67742
8.33	17.09677
8.67	20.45454
9.00	15.03226
9.33	19.54839
9.67	19.35065
10.00	17.54839
10.33	17.16129
10.67	14.22078
11.00	14.70968
11.33	17.03226
11.67	15.58442
12.00	14.32258
12.33	15.09677
12.67	13.63636
13.00	14.19355
13.33	14.58064
13.67	13.89610
14.00	14.00000
14.33	12.51613
14.67	10.71428
15.00	13.09677
15.33	11.74193
15.67	10.51948
16.00	12.19355
16.33	13.35484
16.67	10.06493
17.00	9.54839
17.33	11.41935
17.67	9.35065
18.00	11.61290
18.33	9.93548
18.67	10.32467
19.00	8.96774
19.33	9.87097
19.67	9.15584
20.00	7.93548
20.33	8.77419
20.67	8.11688
21.00	9.41935
21.33	8.45161
21.67	7.20779
22.00	10.32258
22.33	7.41935
22.67	7.85714
23.00	7.29032
23.33	5.74194
23.67	7.46753
24.00	7.03226
24.33	6.64516
24.67	6.68831
25.00	5.61290
25.33	6.12903
25.67	6.03896
26.00	4.96774
26.33	7.03226
26.67	6.81818
27.00	5.22581
27.33	5.03226
27.67	5.97403
28.00	4.90323
28.33	5.41935
28.67	5.90909
29.00	5.35484
29.33	5.03226
29.67	5.12987
30.00	3.80645
30.33	5.29032
30.67	5.32468
31.00	4.00000
31.33	3.61290
31.67	3.24675
32.00	4.00000
32.33	3.74194
32.67	4.61039
33.00	3.67742
33.33	3.35484
33.67	4.02597
34.00	3.48387
34.33	3.74194
34.67	3.63636
35.00	3.87097
35.33	2.90323
35.67	3.89610
36.00	3.29032
36.33	4.00000
36.67	2.40260
37.00	2.70968
37.33	2.19355
37.67	2.59740
38.00	2.38710
38.33	2.70968
38.67	2.46753
39.00	2.25806
39.33	2.51613
39.67	3.11688
40.00	1.87097
40.33	2.38710
40.67	1.62338
41.00	2.12903
41.33	2.70968
41.67	2.20779
42.00	2.12903
42.33	1.67742
42.67	2.40260
43.00	1.80645
43.33	2.51613
43.67	1.68831
44.00	1.48387
44.33	1.80645
44.67	1.81818
45.00	1.54839
45.33	1.87097
45.67	1.81818
46.00	1.87097
46.33	1.35484
46.67	1.55844
47.00	1.16129
47.33	1.22581
47.67	2.01299
48.00	1.87097
48.33	0.51613
48.67	1.23377
49.00	1.09677
49.33	1.74194
49.67	1.23377
50.00	1.09677
50.33	1.09677
50.67	2.27273
51.00	1.35484
51.33	0.83871
51.67	0.84416
52.00	1.09677
52.33	0.58065
52.67	0.84416
53.00	0.83871
53.33	0.77419
53.67	1.23377
54.00	1.74194
54.33	1.16129
54.67	1.03896
55.00	0.64516
55.33	1.16129
55.67	0.64935
56.00	0.45161
56.33	0.38710
56.67	0.64935
57.00	0.83871
57.33	0.77419
57.67	0.58442
58.00	1.03226
58.33	0.32258
58.67	0.71429
59.00	0.38710
59.33	0.45161
59.67	0.38961
60.00	0.64516
60.33	0.45161
60.67	0.38961
61.00	0.51613
61.33	0.45161
61.67	0.51948
62.00	0.51613
62.33	0.58065
62.67	0.64935
63.00	0.70968
63.33	0.51613
63.67	0.38961
64.00	0.45161
64.33	0.19355
64.67	0.51948
65.00	0.38710
65.33	1.03226
65.67	0.58442
66.00	0.25806
66.33	0.25806
66.67	0.32468
67.00	0.38710
67.33	0.45161
67.67	0.64935
68.00	0.19355
68.33	0.32258
68.67	0.06494
69.00	0.19355
69.33	0.32258
69.67	0.32468
70.00	0.25806
70.33	0.19355
70.67	0.32468
71.00	0.45161
71.33	0.06452
71.67	0.32468
72.00	0.32258
72.33	0.32258
72.67	0.12987
73.00	0.51613
73.33	0.25806
73.67	0.32468
74.00	0.00000
74.33	0.45161
74.67	0.25974
75.00	0.25806
75.33	0.25806
75.67	0.12987
76.00	0.38710
76.33	0.12903
76.67	0.12987
77.00	0.25806
77.33	0.25806
77.67	0.19481
78.00	0.00000
78.33	0.12903
78.67	0.25974
79.00	0.12903
79.33	0.00000
79.67	0.25974
80.00	0.12903
80.33	0.12903
80.67	0.12987
81.00	0.19355
81.33	0.12903
81.67	0.06494
82.00	0.00000
82.33	0.25806
82.67	0.19481
83.00	0.00000
83.33	0.45161
83.67	0.32468
84.00	0.12903
84.33	0.12903
84.67	0.00000
85.00	0.06452
85.33	0.00000
85.67	0.12987
86.00	0.19355
86.33	0.06452
86.67	0.06494
87.00	0.19355
87.33	0.00000
87.67	0.06494
88.00	0.00000
88.33	0.00000
88.67	0.12987
89.00	0.00000
89.33	0.00000
89.67	0.00000
90.00	0.00000
90.33	0.12903
90.67	0.38961
91.00	0.00000
91.33	0.00000
91.67	0.00000
92.00	0.00000
92.33	0.00000
92.67	0.19481
93.00	0.00000
93.33	0.12903
93.67	0.12987
94.00	0.00000
94.33	0.06452
94.67	0.00000
95.00	0.00000
95.33	0.12903
95.67	0.06494
96.00	0.06452
96.33	0.12903
96.67	0.06494
97.00	0.00000
97.33	0.00000
97.67	0.06494
98.00	0.06452
98.33	0.00000
98.67	0.06494
99.00	0.00000
99.33	0.00000
99.67	0.00000
100.00	0.00000
100.33	0.00000
100.67	0.06494
101.00	0.06452
101.33	0.00000
101.67	0.06494
102.00	0.12903
102.33	0.00000
102.67	0.00000
103.00	0.12903
103.33	0.00000
103.67	0.06494
104.00	0.00000
104.33	0.00000
104.67	0.06494
105.00	0.12903
105.33	0.00000
105.67	0.00000
106.00	0.00000
106.33	0.12903
106.67	0.06494
107.00	0.00000
107.33	0.00000
107.67	0.00000
108.00	0.00000
108.33	0.00000
108.67	0.06494
109.00	0.12903
109.33	0.00000
109.67	0.00000
110.00	0.00000
110.33	0.06452
110.67	0.00000
111.00	0.00000
111.33	0.00000
111.67	0.06494
112.00	0.06452
112.33	0.00000
112.67	0.00000
113.00	0.00000
113.33	0.00000
113.67	0.00000
114.00	0.00000
114.33	0.00000
114.67	0.00000
115.00	0.00000
115.33	0.00000
115.67	0.00000
116.00	0.00000
116.33	0.00000
116.67	0.00000
117.00	0.00000
117.33	0.06452
117.67	0.06494
118.00	0.06452
118.33	0.00000
118.67	0.00000
119.00	0.00000
119.33	0.00000
119.67	0.00000
120.00	0.00000
120.33	0.00000
120.67	0.06494
121.00	0.00000
121.33	0.06452
121.67	0.00000
122.00	0.00000
122.33	0.00000
122.67	0.00000
123.00	0.00000
123.33	0.00000
123.67	0.00000
124.00	0.00000
124.33	0.00000
124.67	0.00000
125.00	0.00000
125.33	0.00000
125.67	0.00000
126.00	0.00000
126.33	0.00000
126.67	0.00000
127.00	0.00000
127.33	0.00000
127.67	0.00000
128.00	0.00000
128.33	0.06452
128.67	0.12987
129.00	0.00000
129.33	0.00000
129.67	0.00000
130.00	0.00000
130.33	0.00000
130.67	0.00000
131.00	0.00000
131.33	0.00000
131.67	0.00000
132.00	0.00000
132.33	0.00000
132.67	0.00000
133.00	0.00000
133.33	0.00000
133.67	0.00000
134.00	0.00000
134.33	0.00000
134.67	0.00000
135.00	0.00000
135.33	0.00000
135.67	0.00000
136.00	0.00000
136.33	0.00000
136.67	0.00000
137.00	0.00000
137.33	0.00000
137.67	0.06494
138.00	0.00000
138.33	0.00000
138.67	0.00000
139.00	0.00000
139.33	0.06452
139.67	0.00000
140.00	0.00000
140.33	0.00000
140.67	0.00000
141.00	0.00000
141.33	0.00000
141.67	0.00000
142.00	0.00000
142.33	0.06452
142.67	0.06494
143.00	0.00000
143.33	0.00000
143.67	0.00000
144.00	0.00000
144.33	0.00000
144.67	0.00000
145.00	0.00000
145.33	0.00000
145.67	0.00000
146.00	0.00000
146.33	0.00000
146.67	0.00000
147.00	0.00000
147.33	0.00000
147.67	0.00000
148.00	0.00000
148.33	0.00000
148.67	0.00000
149.00	0.00000
149.33	0.00000
149.67	0.00000
150.00	0.00000
150.33	0.00000
150.67	0.00000
151.00	0.00000
151.33	0.00000
151.67	0.00000
152.00	0.00000
152.33	0.00000
152.67	0.00000
153.00	0.00000
153.33	0.00000
153.67	0.00000
154.00	0.00000
154.33	0.00000
154.67	0.00000
155.00	0.00000
155.33	0.00000
155.67	0.00000
156.00	0.00000
156.33	0.00000
156.67	0.00000
157.00	0.00000
157.33	0.00000
157.67	0.00000
158.00	0.00000
158.33	0.00000
158.67	0.00000
159.00	0.00000
159.33	0.00000
159.67	0.00000
160.00	0.00000
160.33	0.00000
160.67	0.00000
161.00	0.00000
161.33	0.00000
161.67	0.00000
162.00	0.00000
162.33	0.00000
162.67	0.00000
163.00	0.00000
163.33	0.00000
163.67	0.00000
164.00	0.00000
164.33	0.00000
164.67	0.00000
165.00	0.00000
165.33	0.00000
165.67	0.00000
166.00	0.00000
166.33	0.00000
166.67	0.00000
167.00	0.00000
167.33	0.00000
167.67	0.00000
168.00	0.00000
168.33	0.00000
168.67	0.06494
169.00	0.00000
169.33	0.00000
169.67	0.00000
170.00	0.00000
170.33	0.00000
170.67	0.00000
171.00	0.00000
171.33	0.00000
171.67	0.00000
172.00	0.00000
172.33	0.00000
172.67	0.00000
173.00	0.00000
173.33	0.00000
173.67	0.00000
174.00	0.00000
174.33	0.00000
174.67	0.00000
175.00	0.00000
175.33	0.00000
175.67	0.00000
176.00	0.00000
176.33	0.00000
176.67	0.00000
177.00	0.00000
177.33	0.00000
177.67	0.00000
178.00	0.00000
178.33	0.00000
178.67	0.00000
179.00	0.00000
179.33	0.00000
179.67	0.00000
180.00	0.00000
180.33	0.00000
180.67	0.00000
181.00	0.00000
181.33	0.00000
181.67	0.00000
182.00	0.00000
182.33	0.00000
182.67	0.00000
183.00	0.00000
183.33	0.00000
183.67	0.00000
184.00	0.00000
184.33	0.00000
184.67	0.00000
185.00	0.00000
185.33	0.00000
185.67	0.00000
186.00	0.00000
186.33	0.00000
186.67	0.00000
187.00	0.00000
187.33	0.00000
187.67	0.00000
188.00	0.00000
188.33	0.00000
188.67	0.00000
189.00	0.06452
189.33	0.00000
189.67	0.00000
190.00	0.00000
190.33	0.00000
190.67	0.00000
191.00	0.00000
191.33	0.00000
191.67	0.00000
192.00	0.00000
192.33	0.00000
192.67	0.00000
193.00	0.00000
193.33	0.00000
193.67	0.00000
194.00	0.00000
194.33	0.00000
194.67	0.00000
195.00	0.00000
195.33	0.00000
195.67	0.06494
196.00	0.00000
196.33	0.00000
196.67	0.00000
197.00	0.00000
197.33	0.00000
197.67	0.00000
198.00	0.00000
198.33	0.00000
198.67	0.00000
199.00	0.00000
199.33	0.00000
199.67	0.00000
