0.00	68.70968
0.33	36.90322
0.67	28.37662
1.00	28.58064
1.33	26.19355
1.67	24.15584
2.00	21.80645
2.33	20.83871
2.67	19.41558
3.00	18.90322
3.33	17.74194
3.67	14.74026
4.00	14.32258
4.33	12.96774
4.67	12.01299
5.00	11.54839
5.33	12.64516
5.67	11.81818
6.00	11.03226
6.33	10.70968
6.67	11.03896
7.00	12.38710
7.33	10.12903
7.67	9.93507
8.00	9.61290
8.33	7.29032
8.67	9.28571
9.00	8.70968
9.33	7.87097
9.67	7.92208
10.00	6.06452
10.33	8.64516
10.67	8.18182
11.00	8.00000
11.33	6.19355
11.67	6.36364
12.00	6.83871
12.33	5.67742
12.67	6.75325
13.00	6.83871
13.33	6.32258
13.67	5.64935
14.00	5.22581
14.33	4.32258
14.67	4.61039
15.00	6.77419
15.33	5.41935
15.67	4.80519
16.00	6.00000
16.33	5.29032
16.67	3.63636
17.00	3.48387
17.33	3.67742
17.67	3.96104
18.00	4.58065
18.33	2.83871
18.67	2.85714
19.00	3.87097
19.33	2.90323
19.67	3.37662
20.00	3.03226
20.33	2.00000
20.67	2.59740
21.00	2.96774
21.33	2.58065
21.67	2.14286
22.00	1.80645
22.33	2.58065
22.67	2.92208
23.00	2.12903
23.33	2.06452
23.67	2.72727
24.00	1.48387
24.33	1.74194
24.67	1.16883
25.00	2.70968
25.33	1.48387
25.67	1.75325
26.00	1.22581
26.33	1.22581
26.67	0.97403
27.00	0.77419
27.33	1.09677
27.67	1.36364
28.00	1.35484
28.33	1.09677
28.67	1.62338
29.00	1.22581
29.33	0.64516
29.67	0.58442
30.00	0.96774
30.33	0.96774
30.67	1.16883
31.00	0.51613
31.33	0.32258
31.67	1.03896
32.00	0.96774
32.33	0.64516
32.67	0.84416
33.00	0.32258
33.33	0.19355
33.67	0.38961
34.00	0.58065
34.33	0.58065
34.67	0.19481
35.00	0.45161
35.33	0.25806
35.67	0.71429
36.00	0.19355
36.33	0.25806
36.67	0.32468
37.00	0.64516
37.33	0.25806
37.67	0.58442
38.00	0.51613
38.33	0.32258
38.67	0.12987
39.00	0.32258
39.33	0.32258
39.67	0.32468
40.00	0.12903
40.33	0.00000
40.67	0.25974
41.00	0.45161
41.33	0.12903
41.67	0.19481
42.00	0.12903
42.33	0.19355
42.67	0.12987
43.00	0.06452
43.33	0.19355
43.67	0.00000
44.00	0.19355
44.33	0.19355
44.67	0.19481
45.00	0.06452
45.33	0.19355
45.67	0.45455
46.00	0.00000
46.33	0.06452
46.67	0.19481
47.00	0.12903
47.33	0.06452
47.67	0.19481
48.00	0.25806
48.33	0.06452
48.67	0.06494
49.00	0.32258
49.33	0.06452
49.67	0.19481
50.00	0.06452
50.33	0.25806
50.67	0.25974
51.00	0.19355
51.33	0.06452
51.67	0.25974
52.00	0.06452
52.33	0.00000
52.67	0.06494
53.00	0.06452
53.33	0.06452
53.67	0.06494
54.00	0.25806
54.33	0.12903
54.67	0.38961
55.00	0.00000
55.33	0.06452
55.67	0.19481
56.00	0.00000
56.33	0.25806
56.67	0.00000
57.00	0.00000
57.33	0.00000
57.67	0.06494
58.00	0.00000
58.33	0.00000
58.67	0.00000
59.00	0.12903
59.33	0.00000
59.67	0.00000
60.00	0.00000
60.33	0.00000
60.67	0.12987
61.00	0.00000
61.33	0.06452
61.67	0.06494
62.00	0.06452
62.33	0.19355
62.67	0.12987
63.00	0.00000
63.33	0.00000
63.67	0.00000
64.00	0.00000
64.33	0.06452
64.67	0.06494
65.00	0.12903
65.33	0.06452
65.67	0.00000
66.00	0.00000
66.33	0.12903
66.67	0.00000
67.00	0.00000
67.33	0.00000
67.67	0.06494
68.00	0.00000
68.33	0.06452
68.67	0.00000
69.00	0.00000
69.33	0.00000
69.67	0.00000
70.00	0.00000
70.33	0.06452
70.67	0.00000
71.00	0.06452
71.33	0.00000
71.67	0.00000
72.00	0.06452
72.33	0.00000
72.67	0.00000
73.00	0.00000
73.33	0.00000
73.67	0.00000
74.00	0.00000
74.33	0.00000
74.67	0.00000
75.00	0.00000
75.33	0.00000
75.67	0.00000
76.00	0.00000
76.33	0.00000
76.67	0.00000
77.00	0.06452
77.33	0.00000
77.67	0.00000
78.00	0.00000
78.33	0.06452
78.67	0.00000
79.00	0.00000
79.33	0.00000
79.67	0.00000
80.00	0.00000
80.33	0.00000
80.67	0.06494
81.00	0.06452
81.33	0.12903
81.67	0.00000
82.00	0.06452
82.33	0.06452
82.67	0.00000
83.00	0.00000
83.33	0.06452
83.67	0.06494
84.00	0.06452
84.33	0.00000
84.67	0.06494
85.00	0.00000
85.33	0.00000
85.67	0.00000
86.00	0.00000
86.33	0.00000
86.67	0.00000
87.00	0.00000
87.33	0.00000
87.67	0.00000
88.00	0.00000
88.33	0.00000
88.67	0.00000
89.00	0.00000
89.33	0.00000
89.67	0.00000
90.00	0.00000
90.33	0.00000
90.67	0.00000
91.00	0.00000
91.33	0.06452
91.67	0.06494
92.00	0.00000
92.33	0.00000
92.67	0.00000
93.00	0.00000
93.33	0.00000
93.67	0.19481
94.00	0.00000
94.33	0.00000
94.67	0.00000
95.00	0.00000
95.33	0.00000
95.67	0.00000
96.00	0.00000
96.33	0.00000
96.67	0.00000
97.00	0.00000
97.33	0.00000
97.67	0.00000
98.00	0.00000
98.33	0.25806
98.67	0.00000
99.00	0.00000
99.33	0.00000
99.67	0.06494
100.00	0.00000
100.33	0.06452
100.67	0.00000
101.00	0.00000
101.33	0.00000
101.67	0.00000
102.00	0.00000
102.33	0.00000
102.67	0.00000
103.00	0.00000
103.33	0.00000
103.67	0.06494
104.00	0.00000
104.33	0.00000
104.67	0.00000
105.00	0.06452
105.33	0.00000
105.67	0.00000
106.00	0.00000
106.33	0.00000
106.67	0.00000
107.00	0.00000
107.33	0.00000
107.67	0.00000
108.00	0.06452
108.33	0.00000
108.67	0.00000
109.00	0.06452
109.33	0.00000
109.67	0.12987
110.00	0.00000
110.33	0.00000
110.67	0.00000
111.00	0.00000
111.33	0.00000
111.67	0.00000
112.00	0.00000
112.33	0.00000
112.67	0.00000
113.00	0.00000
113.33	0.00000
113.67	0.00000
114.00	0.00000
114.33	0.00000
114.67	0.00000
115.00	0.00000
115.33	0.00000
115.67	0.00000
116.00	0.00000
116.33	0.00000
116.67	0.00000
117.00	0.00000
117.33	0.00000
117.67	0.00000
118.00	0.00000
118.33	0.00000
118.67	0.00000
119.00	0.00000
119.33	0.00000
119.67	0.00000
120.00	0.00000
120.33	0.00000
120.67	0.00000
121.00	0.00000
121.33	0.00000
121.67	0.00000
122.00	0.00000
122.33	0.00000
122.67	0.06494
123.00	0.00000
123.33	0.00000
123.67	0.00000
124.00	0.00000
124.33	0.00000
124.67	0.00000
125.00	0.00000
125.33	0.00000
125.67	0.00000
126.00	0.38710
126.33	0.00000
126.67	0.00000
127.00	0.00000
127.33	0.00000
127.67	0.00000
128.00	0.00000
128.33	0.00000
128.67	0.00000
129.00	0.00000
129.33	0.00000
129.67	0.00000
130.00	0.00000
130.33	0.00000
130.67	0.00000
131.00	0.00000
131.33	0.00000
131.67	0.00000
132.00	0.00000
132.33	0.00000
132.67	0.00000
133.00	0.00000
133.33	0.00000
133.67	0.00000
134.00	0.00000
134.33	0.00000
134.67	0.00000
135.00	0.00000
135.33	0.00000
135.67	0.00000
136.00	0.00000
136.33	0.00000
136.67	0.00000
137.00	0.00000
137.33	0.00000
137.67	0.00000
138.00	0.00000
138.33	0.00000
138.67	0.00000
139.00	0.00000
139.33	0.00000
139.67	0.00000
140.00	0.00000
140.33	0.00000
140.67	0.00000
141.00	0.00000
141.33	0.00000
141.67	0.00000
142.00	0.00000
142.33	0.00000
142.67	0.00000
143.00	0.00000
143.33	0.00000
143.67	0.00000
144.00	0.00000
144.33	0.00000
144.67	0.00000
145.00	0.00000
145.33	0.00000
145.67	0.00000
146.00	0.00000
146.33	0.00000
146.67	0.00000
147.00	0.00000
147.33	0.00000
147.67	0.00000
148.00	0.06452
148.33	0.00000
148.67	0.00000
149.00	0.00000
149.33	0.00000
149.67	0.00000
150.00	0.00000
150.33	0.00000
150.67	0.00000
151.00	0.00000
151.33	0.00000
151.67	0.00000
152.00	0.00000
152.33	0.00000
152.67	0.00000
153.00	0.00000
153.33	0.00000
153.67	0.00000
154.00	0.00000
154.33	0.00000
154.67	0.00000
155.00	0.00000
155.33	0.00000
155.67	0.00000
156.00	0.00000
156.33	0.00000
156.67	0.00000
157.00	0.00000
157.33	0.00000
157.67	0.00000
158.00	0.00000
158.33	0.00000
158.67	0.00000
159.00	0.00000
159.33	0.00000
159.67	0.00000
160.00	0.00000
160.33	0.00000
160.67	0.00000
161.00	0.00000
161.33	0.00000
161.67	0.00000
162.00	0.00000
162.33	0.00000
162.67	0.00000
163.00	0.00000
163.33	0.00000
163.67	0.00000
164.00	0.00000
164.33	0.00000
164.67	0.00000
165.00	0.00000
165.33	0.00000
165.67	0.00000
166.00	0.00000
166.33	0.00000
166.67	0.00000
167.00	0.00000
167.33	0.00000
167.67	0.00000
168.00	0.00000
168.33	0.00000
168.67	0.00000
169.00	0.00000
169.33	0.00000
169.67	0.00000
170.00	0.00000
170.33	0.00000
170.67	0.00000
171.00	0.00000
171.33	0.00000
171.67	0.00000
172.00	0.00000
172.33	0.00000
172.67	0.00000
173.00	0.00000
173.33	0.00000
173.67	0.00000
174.00	0.00000
174.33	0.00000
174.67	0.00000
175.00	0.00000
175.33	0.00000
175.67	0.00000
176.00	0.00000
176.33	0.00000
176.67	0.00000
177.00	0.00000
177.33	0.00000
177.67	0.00000
178.00	0.00000
178.33	0.00000
178.67	0.00000
179.00	0.00000
179.33	0.00000
179.67	0.00000
180.00	0.00000
180.33	0.00000
180.67	0.00000
181.00	0.00000
181.33	0.00000
181.67	0.00000
182.00	0.00000
182.33	0.00000
182.67	0.00000
183.00	0.00000
183.33	0.00000
183.67	0.00000
184.00	0.00000
184.33	0.00000
184.67	0.00000
185.00	0.00000
185.33	0.00000
185.67	0.00000
186.00	0.00000
186.33	0.00000
186.67	0.00000
187.00	0.00000
187.33	0.00000
187.67	0.00000
188.00	0.00000
188.33	0.00000
188.67	0.00000
189.00	0.00000
189.33	0.00000
189.67	0.00000
190.00	0.00000
190.33	0.00000
190.67	0.00000
191.00	0.00000
191.33	0.00000
191.67	0.00000
192.00	0.00000
192.33	0.00000
192.67	0.00000
193.00	0.00000
193.33	0.00000
193.67	0.00000
194.00	0.00000
194.33	0.00000
194.67	0.00000
195.00	0.00000
195.33	0.00000
195.67	0.00000
196.00	0.00000
196.33	0.00000
196.67	0.00000
197.00	0.00000
197.33	0.00000
197.67	0.00000
198.00	0.00000
198.33	0.00000
198.67	0.00000
199.00	0.00000
199.33	0.00000
199.67	0.00000
